?- solve(state([5,0,4,14,10,1,3,12,2,15,6,13,7,11,9,8]), state([5,4,0,14,10,1,3,12,2,15,6,13,7,11,9,8]),sliding-tile,dfs).
Visited:state([5,1,4,14,10,0,3,12,2,15,6,13,7,11,9,8])
Visited:state([5,1,4,14,10,15,3,12,2,0,6,13,7,11,9,8])
Visited:state([5,1,4,14,10,15,3,12,2,11,6,13,7,0,9,8])
Visited:state([5,1,4,14,10,15,3,12,2,11,6,13,0,7,9,8])
Visited:state([5,1,4,14,10,15,3,12,0,11,6,13,2,7,9,8])
Visited:state([5,1,4,14,0,15,3,12,10,11,6,13,2,7,9,8])
Visited:state([0,1,4,14,5,15,3,12,10,11,6,13,2,7,9,8])
Visited:state([1,0,4,14,5,15,3,12,10,11,6,13,2,7,9,8])
Visited:state([1,15,4,14,5,0,3,12,10,11,6,13,2,7,9,8])
Visited:state([1,15,4,14,5,11,3,12,10,0,6,13,2,7,9,8])
Visited:state([1,15,4,14,5,11,3,12,10,7,6,13,2,0,9,8])
Visited:state([1,15,4,14,5,11,3,12,10,7,6,13,0,2,9,8])
Visited:state([1,15,4,14,5,11,3,12,0,7,6,13,10,2,9,8])
Visited:state([1,15,4,14,0,11,3,12,5,7,6,13,10,2,9,8])
Visited:state([0,15,4,14,1,11,3,12,5,7,6,13,10,2,9,8])
Visited:state([15,0,4,14,1,11,3,12,5,7,6,13,10,2,9,8])
Visited:state([15,11,4,14,1,0,3,12,5,7,6,13,10,2,9,8])
Visited:state([15,11,4,14,1,7,3,12,5,0,6,13,10,2,9,8])
Visited:state([15,11,4,14,1,7,3,12,5,2,6,13,10,0,9,8])
Visited:state([15,11,4,14,1,7,3,12,5,2,6,13,0,10,9,8])
Visited:state([15,11,4,14,1,7,3,12,0,2,6,13,5,10,9,8])
Visited:state([15,11,4,14,0,7,3,12,1,2,6,13,5,10,9,8])
Visited:state([0,11,4,14,15,7,3,12,1,2,6,13,5,10,9,8])
Visited:state([11,0,4,14,15,7,3,12,1,2,6,13,5,10,9,8])
Visited:state([11,7,4,14,15,0,3,12,1,2,6,13,5,10,9,8])
Visited:state([11,7,4,14,15,2,3,12,1,0,6,13,5,10,9,8])
Visited:state([11,7,4,14,15,2,3,12,1,10,6,13,5,0,9,8])
Visited:state([11,7,4,14,15,2,3,12,1,10,6,13,0,5,9,8])
Visited:state([11,7,4,14,15,2,3,12,0,10,6,13,1,5,9,8])
Visited:state([11,7,4,14,0,2,3,12,15,10,6,13,1,5,9,8])
Visited:state([0,7,4,14,11,2,3,12,15,10,6,13,1,5,9,8])
Visited:state([7,0,4,14,11,2,3,12,15,10,6,13,1,5,9,8])
Visited:state([7,2,4,14,11,0,3,12,15,10,6,13,1,5,9,8])
Visited:state([7,2,4,14,11,10,3,12,15,0,6,13,1,5,9,8])
Visited:state([7,2,4,14,11,10,3,12,15,5,6,13,1,0,9,8])
Visited:state([7,2,4,14,11,10,3,12,15,5,6,13,0,1,9,8])
Visited:state([7,2,4,14,11,10,3,12,0,5,6,13,15,1,9,8])
Visited:state([7,2,4,14,0,10,3,12,11,5,6,13,15,1,9,8])
Visited:state([0,2,4,14,7,10,3,12,11,5,6,13,15,1,9,8])
Visited:state([2,0,4,14,7,10,3,12,11,5,6,13,15,1,9,8])
Visited:state([2,10,4,14,7,0,3,12,11,5,6,13,15,1,9,8])
Visited:state([2,10,4,14,7,5,3,12,11,0,6,13,15,1,9,8])
Visited:state([2,10,4,14,7,5,3,12,11,1,6,13,15,0,9,8])
Visited:state([2,10,4,14,7,5,3,12,11,1,6,13,0,15,9,8])
Visited:state([2,10,4,14,7,5,3,12,0,1,6,13,11,15,9,8])
Visited:state([2,10,4,14,0,5,3,12,7,1,6,13,11,15,9,8])
Visited:state([0,10,4,14,2,5,3,12,7,1,6,13,11,15,9,8])
Visited:state([10,0,4,14,2,5,3,12,7,1,6,13,11,15,9,8])
Visited:state([10,5,4,14,2,0,3,12,7,1,6,13,11,15,9,8])
Visited:state([10,5,4,14,2,1,3,12,7,0,6,13,11,15,9,8])
Visited:state([10,5,4,14,2,1,3,12,7,15,6,13,11,0,9,8])
Visited:state([10,5,4,14,2,1,3,12,7,15,6,13,0,11,9,8])
Visited:state([10,5,4,14,2,1,3,12,0,15,6,13,7,11,9,8])
Visited:state([10,5,4,14,0,1,3,12,2,15,6,13,7,11,9,8])
Visited:state([0,5,4,14,10,1,3,12,2,15,6,13,7,11,9,8])
Visited:state([10,5,4,0,14,1,3,12,2,15,6,13,7,11,9,8])
Visited:state([10,5,4,12,14,1,3,0,2,15,6,13,7,11,9,8])
Visited:state([10,5,4,12,14,1,3,13,2,15,6,0,7,11,9,8])
Visited:state([10,5,4,12,14,1,3,13,2,15,6,8,7,11,9,0])
Visited:state([10,5,4,12,14,1,3,13,2,15,6,8,7,11,0,9])
Visited:state([10,5,4,12,14,1,3,13,2,15,0,8,7,11,6,9])
Visited:state([10,5,4,12,14,1,0,13,2,15,3,8,7,11,6,9])
Visited:state([10,5,0,12,14,1,4,13,2,15,3,8,7,11,6,9])
Visited:state([10,0,5,12,14,1,4,13,2,15,3,8,7,11,6,9])
Visited:state([10,1,5,12,14,0,4,13,2,15,3,8,7,11,6,9])
Visited:state([10,1,5,12,14,15,4,13,2,0,3,8,7,11,6,9])
Visited:state([10,1,5,12,14,15,4,13,2,11,3,8,7,0,6,9])
Visited:state([10,1,5,12,14,15,4,13,2,11,3,8,0,7,6,9])
Visited:state([10,1,5,12,14,15,4,13,0,11,3,8,2,7,6,9])
Visited:state([10,1,5,12,0,15,4,13,14,11,3,8,2,7,6,9])
Visited:state([0,1,5,12,10,15,4,13,14,11,3,8,2,7,6,9])
Visited:state([1,0,5,12,10,15,4,13,14,11,3,8,2,7,6,9])
Visited:state([1,15,5,12,10,0,4,13,14,11,3,8,2,7,6,9])
Visited:state([1,15,5,12,10,11,4,13,14,0,3,8,2,7,6,9])
Visited:state([1,15,5,12,10,11,4,13,14,7,3,8,2,0,6,9])
Visited:state([1,15,5,12,10,11,4,13,14,7,3,8,0,2,6,9])
Visited:state([1,15,5,12,10,11,4,13,0,7,3,8,14,2,6,9])
Visited:state([1,15,5,12,0,11,4,13,10,7,3,8,14,2,6,9])
Visited:state([0,15,5,12,1,11,4,13,10,7,3,8,14,2,6,9])
Visited:state([15,0,5,12,1,11,4,13,10,7,3,8,14,2,6,9])
Visited:state([15,11,5,12,1,0,4,13,10,7,3,8,14,2,6,9])
Visited:state([15,11,5,12,1,7,4,13,10,0,3,8,14,2,6,9])
Visited:state([15,11,5,12,1,7,4,13,10,2,3,8,14,0,6,9])
Visited:state([15,11,5,12,1,7,4,13,10,2,3,8,0,14,6,9])
Visited:state([15,11,5,12,1,7,4,13,0,2,3,8,10,14,6,9])
Visited:state([15,11,5,12,0,7,4,13,1,2,3,8,10,14,6,9])
Visited:state([0,11,5,12,15,7,4,13,1,2,3,8,10,14,6,9])
Visited:state([11,0,5,12,15,7,4,13,1,2,3,8,10,14,6,9])
Visited:state([11,7,5,12,15,0,4,13,1,2,3,8,10,14,6,9])
Visited:state([11,7,5,12,15,2,4,13,1,0,3,8,10,14,6,9])
Visited:state([11,7,5,12,15,2,4,13,1,14,3,8,10,0,6,9])
Visited:state([11,7,5,12,15,2,4,13,1,14,3,8,0,10,6,9])
Visited:state([11,7,5,12,15,2,4,13,0,14,3,8,1,10,6,9])
Visited:state([11,7,5,12,0,2,4,13,15,14,3,8,1,10,6,9])
Visited:state([0,7,5,12,11,2,4,13,15,14,3,8,1,10,6,9])
Visited:state([7,0,5,12,11,2,4,13,15,14,3,8,1,10,6,9])
Visited:state([7,2,5,12,11,0,4,13,15,14,3,8,1,10,6,9])
Visited:state([7,2,5,12,11,14,4,13,15,0,3,8,1,10,6,9])
Visited:state([7,2,5,12,11,14,4,13,15,10,3,8,1,0,6,9])
Visited:state([7,2,5,12,11,14,4,13,15,10,3,8,0,1,6,9])
Visited:state([7,2,5,12,11,14,4,13,0,10,3,8,15,1,6,9])
Visited:state([7,2,5,12,0,14,4,13,11,10,3,8,15,1,6,9])
Visited:state([0,2,5,12,7,14,4,13,11,10,3,8,15,1,6,9])
Visited:state([2,0,5,12,7,14,4,13,11,10,3,8,15,1,6,9])
Visited:state([2,14,5,12,7,0,4,13,11,10,3,8,15,1,6,9])
Visited:state([2,14,5,12,7,10,4,13,11,0,3,8,15,1,6,9])
Visited:state([2,14,5,12,7,10,4,13,11,1,3,8,15,0,6,9])
Visited:state([2,14,5,12,7,10,4,13,11,1,3,8,0,15,6,9])
Visited:state([2,14,5,12,7,10,4,13,0,1,3,8,11,15,6,9])
Visited:state([2,14,5,12,0,10,4,13,7,1,3,8,11,15,6,9])
Visited:state([0,14,5,12,2,10,4,13,7,1,3,8,11,15,6,9])
Visited:state([14,0,5,12,2,10,4,13,7,1,3,8,11,15,6,9])
Visited:state([14,10,5,12,2,0,4,13,7,1,3,8,11,15,6,9])
Visited:state([14,10,5,12,2,1,4,13,7,0,3,8,11,15,6,9])
Visited:state([14,10,5,12,2,1,4,13,7,15,3,8,11,0,6,9])
Visited:state([14,10,5,12,2,1,4,13,7,15,3,8,0,11,6,9])
Visited:state([14,10,5,12,2,1,4,13,0,15,3,8,7,11,6,9])
Visited:state([14,10,5,12,0,1,4,13,2,15,3,8,7,11,6,9])
Visited:state([0,10,5,12,14,1,4,13,2,15,3,8,7,11,6,9])
Visited:state([14,10,5,0,12,1,4,13,2,15,3,8,7,11,6,9])
Visited:state([14,10,5,13,12,1,4,0,2,15,3,8,7,11,6,9])
Visited:state([14,10,5,13,12,1,4,8,2,15,3,0,7,11,6,9])
Visited:state([14,10,5,13,12,1,4,8,2,15,3,9,7,11,6,0])
Visited:state([14,10,5,13,12,1,4,8,2,15,3,9,7,11,0,6])
Visited:state([14,10,5,13,12,1,4,8,2,15,0,9,7,11,3,6])
Visited:state([14,10,5,13,12,1,0,8,2,15,4,9,7,11,3,6])
Visited:state([14,10,0,13,12,1,5,8,2,15,4,9,7,11,3,6])
Visited:state([14,0,10,13,12,1,5,8,2,15,4,9,7,11,3,6])
Visited:state([14,1,10,13,12,0,5,8,2,15,4,9,7,11,3,6])
Visited:state([14,1,10,13,12,15,5,8,2,0,4,9,7,11,3,6])
Visited:state([14,1,10,13,12,15,5,8,2,11,4,9,7,0,3,6])
Visited:state([14,1,10,13,12,15,5,8,2,11,4,9,0,7,3,6])
Visited:state([14,1,10,13,12,15,5,8,0,11,4,9,2,7,3,6])
Visited:state([14,1,10,13,0,15,5,8,12,11,4,9,2,7,3,6])
Visited:state([0,1,10,13,14,15,5,8,12,11,4,9,2,7,3,6])
Visited:state([1,0,10,13,14,15,5,8,12,11,4,9,2,7,3,6])
Visited:state([1,15,10,13,14,0,5,8,12,11,4,9,2,7,3,6])
Visited:state([1,15,10,13,14,11,5,8,12,0,4,9,2,7,3,6])
Visited:state([1,15,10,13,14,11,5,8,12,7,4,9,2,0,3,6])
Visited:state([1,15,10,13,14,11,5,8,12,7,4,9,0,2,3,6])
Visited:state([1,15,10,13,14,11,5,8,0,7,4,9,12,2,3,6])
Visited:state([1,15,10,13,0,11,5,8,14,7,4,9,12,2,3,6])
Visited:state([0,15,10,13,1,11,5,8,14,7,4,9,12,2,3,6])
Visited:state([15,0,10,13,1,11,5,8,14,7,4,9,12,2,3,6])
Visited:state([15,11,10,13,1,0,5,8,14,7,4,9,12,2,3,6])
Visited:state([15,11,10,13,1,7,5,8,14,0,4,9,12,2,3,6])
Visited:state([15,11,10,13,1,7,5,8,14,2,4,9,12,0,3,6])
Visited:state([15,11,10,13,1,7,5,8,14,2,4,9,0,12,3,6])
Visited:state([15,11,10,13,1,7,5,8,0,2,4,9,14,12,3,6])
Visited:state([15,11,10,13,0,7,5,8,1,2,4,9,14,12,3,6])
Visited:state([0,11,10,13,15,7,5,8,1,2,4,9,14,12,3,6])
Visited:state([11,0,10,13,15,7,5,8,1,2,4,9,14,12,3,6])
Visited:state([11,7,10,13,15,0,5,8,1,2,4,9,14,12,3,6])
Visited:state([11,7,10,13,15,2,5,8,1,0,4,9,14,12,3,6])
Visited:state([11,7,10,13,15,2,5,8,1,12,4,9,14,0,3,6])
Visited:state([11,7,10,13,15,2,5,8,1,12,4,9,0,14,3,6])
Visited:state([11,7,10,13,15,2,5,8,0,12,4,9,1,14,3,6])
Visited:state([11,7,10,13,0,2,5,8,15,12,4,9,1,14,3,6])
Visited:state([0,7,10,13,11,2,5,8,15,12,4,9,1,14,3,6])
Visited:state([7,0,10,13,11,2,5,8,15,12,4,9,1,14,3,6])
Visited:state([7,2,10,13,11,0,5,8,15,12,4,9,1,14,3,6])
Visited:state([7,2,10,13,11,12,5,8,15,0,4,9,1,14,3,6])
Visited:state([7,2,10,13,11,12,5,8,15,14,4,9,1,0,3,6])
Visited:state([7,2,10,13,11,12,5,8,15,14,4,9,0,1,3,6])
Visited:state([7,2,10,13,11,12,5,8,0,14,4,9,15,1,3,6])
Visited:state([7,2,10,13,0,12,5,8,11,14,4,9,15,1,3,6])
Visited:state([0,2,10,13,7,12,5,8,11,14,4,9,15,1,3,6])
Visited:state([2,0,10,13,7,12,5,8,11,14,4,9,15,1,3,6])
Visited:state([2,12,10,13,7,0,5,8,11,14,4,9,15,1,3,6])
Visited:state([2,12,10,13,7,14,5,8,11,0,4,9,15,1,3,6])
Visited:state([2,12,10,13,7,14,5,8,11,1,4,9,15,0,3,6])
Visited:state([2,12,10,13,7,14,5,8,11,1,4,9,0,15,3,6])
Visited:state([2,12,10,13,7,14,5,8,0,1,4,9,11,15,3,6])
Visited:state([2,12,10,13,0,14,5,8,7,1,4,9,11,15,3,6])
Visited:state([0,12,10,13,2,14,5,8,7,1,4,9,11,15,3,6])
Visited:state([12,0,10,13,2,14,5,8,7,1,4,9,11,15,3,6])
Visited:state([12,14,10,13,2,0,5,8,7,1,4,9,11,15,3,6])
Visited:state([12,14,10,13,2,1,5,8,7,0,4,9,11,15,3,6])
Visited:state([12,14,10,13,2,1,5,8,7,15,4,9,11,0,3,6])
Visited:state([12,14,10,13,2,1,5,8,7,15,4,9,0,11,3,6])
Visited:state([12,14,10,13,2,1,5,8,0,15,4,9,7,11,3,6])
Visited:state([12,14,10,13,0,1,5,8,2,15,4,9,7,11,3,6])
Visited:state([0,14,10,13,12,1,5,8,2,15,4,9,7,11,3,6])
Visited:state([12,14,10,0,13,1,5,8,2,15,4,9,7,11,3,6])
Visited:state([12,14,10,8,13,1,5,0,2,15,4,9,7,11,3,6])
Visited:state([12,14,10,8,13,1,5,9,2,15,4,0,7,11,3,6])
Visited:state([12,14,10,8,13,1,5,9,2,15,4,6,7,11,3,0])
Visited:state([12,14,10,8,13,1,5,9,2,15,4,6,7,11,0,3])
Visited:state([12,14,10,8,13,1,5,9,2,15,0,6,7,11,4,3])
Visited:state([12,14,10,8,13,1,0,9,2,15,5,6,7,11,4,3])
Visited:state([12,14,0,8,13,1,10,9,2,15,5,6,7,11,4,3])
Visited:state([12,0,14,8,13,1,10,9,2,15,5,6,7,11,4,3])
Visited:state([12,1,14,8,13,0,10,9,2,15,5,6,7,11,4,3])
Visited:state([12,1,14,8,13,15,10,9,2,0,5,6,7,11,4,3])
Visited:state([12,1,14,8,13,15,10,9,2,11,5,6,7,0,4,3])
Visited:state([12,1,14,8,13,15,10,9,2,11,5,6,0,7,4,3])
Visited:state([12,1,14,8,13,15,10,9,0,11,5,6,2,7,4,3])
Visited:state([12,1,14,8,0,15,10,9,13,11,5,6,2,7,4,3])
Visited:state([0,1,14,8,12,15,10,9,13,11,5,6,2,7,4,3])
Visited:state([1,0,14,8,12,15,10,9,13,11,5,6,2,7,4,3])
Visited:state([1,15,14,8,12,0,10,9,13,11,5,6,2,7,4,3])
Visited:state([1,15,14,8,12,11,10,9,13,0,5,6,2,7,4,3])
Visited:state([1,15,14,8,12,11,10,9,13,7,5,6,2,0,4,3])
Visited:state([1,15,14,8,12,11,10,9,13,7,5,6,0,2,4,3])
Visited:state([1,15,14,8,12,11,10,9,0,7,5,6,13,2,4,3])
Visited:state([1,15,14,8,0,11,10,9,12,7,5,6,13,2,4,3])
Visited:state([0,15,14,8,1,11,10,9,12,7,5,6,13,2,4,3])
Visited:state([15,0,14,8,1,11,10,9,12,7,5,6,13,2,4,3])
Visited:state([15,11,14,8,1,0,10,9,12,7,5,6,13,2,4,3])
Visited:state([15,11,14,8,1,7,10,9,12,0,5,6,13,2,4,3])
Visited:state([15,11,14,8,1,7,10,9,12,2,5,6,13,0,4,3])
Visited:state([15,11,14,8,1,7,10,9,12,2,5,6,0,13,4,3])
Visited:state([15,11,14,8,1,7,10,9,0,2,5,6,12,13,4,3])
Visited:state([15,11,14,8,0,7,10,9,1,2,5,6,12,13,4,3])
Visited:state([0,11,14,8,15,7,10,9,1,2,5,6,12,13,4,3])
Visited:state([11,0,14,8,15,7,10,9,1,2,5,6,12,13,4,3])
Visited:state([11,7,14,8,15,0,10,9,1,2,5,6,12,13,4,3])
Visited:state([11,7,14,8,15,2,10,9,1,0,5,6,12,13,4,3])
Visited:state([11,7,14,8,15,2,10,9,1,13,5,6,12,0,4,3])
Visited:state([11,7,14,8,15,2,10,9,1,13,5,6,0,12,4,3])
Visited:state([11,7,14,8,15,2,10,9,0,13,5,6,1,12,4,3])
Visited:state([11,7,14,8,0,2,10,9,15,13,5,6,1,12,4,3])
Visited:state([0,7,14,8,11,2,10,9,15,13,5,6,1,12,4,3])
Visited:state([7,0,14,8,11,2,10,9,15,13,5,6,1,12,4,3])
Visited:state([7,2,14,8,11,0,10,9,15,13,5,6,1,12,4,3])
Visited:state([7,2,14,8,11,13,10,9,15,0,5,6,1,12,4,3])
Visited:state([7,2,14,8,11,13,10,9,15,12,5,6,1,0,4,3])
Visited:state([7,2,14,8,11,13,10,9,15,12,5,6,0,1,4,3])
Visited:state([7,2,14,8,11,13,10,9,0,12,5,6,15,1,4,3])
Visited:state([7,2,14,8,0,13,10,9,11,12,5,6,15,1,4,3])
Visited:state([0,2,14,8,7,13,10,9,11,12,5,6,15,1,4,3])
Visited:state([2,0,14,8,7,13,10,9,11,12,5,6,15,1,4,3])
Visited:state([2,13,14,8,7,0,10,9,11,12,5,6,15,1,4,3])
Visited:state([2,13,14,8,7,12,10,9,11,0,5,6,15,1,4,3])
Visited:state([2,13,14,8,7,12,10,9,11,1,5,6,15,0,4,3])
Visited:state([2,13,14,8,7,12,10,9,11,1,5,6,0,15,4,3])
Visited:state([2,13,14,8,7,12,10,9,0,1,5,6,11,15,4,3])
Visited:state([2,13,14,8,0,12,10,9,7,1,5,6,11,15,4,3])
Visited:state([0,13,14,8,2,12,10,9,7,1,5,6,11,15,4,3])
Visited:state([13,0,14,8,2,12,10,9,7,1,5,6,11,15,4,3])
Visited:state([13,12,14,8,2,0,10,9,7,1,5,6,11,15,4,3])
Visited:state([13,12,14,8,2,1,10,9,7,0,5,6,11,15,4,3])
Visited:state([13,12,14,8,2,1,10,9,7,15,5,6,11,0,4,3])
Visited:state([13,12,14,8,2,1,10,9,7,15,5,6,0,11,4,3])
Visited:state([13,12,14,8,2,1,10,9,0,15,5,6,7,11,4,3])
Visited:state([13,12,14,8,0,1,10,9,2,15,5,6,7,11,4,3])
Visited:state([0,12,14,8,13,1,10,9,2,15,5,6,7,11,4,3])
Visited:state([13,12,14,0,8,1,10,9,2,15,5,6,7,11,4,3])
Visited:state([13,12,14,9,8,1,10,0,2,15,5,6,7,11,4,3])
Visited:state([13,12,14,9,8,1,10,6,2,15,5,0,7,11,4,3])
Visited:state([13,12,14,9,8,1,10,6,2,15,5,3,7,11,4,0])
Visited:state([13,12,14,9,8,1,10,6,2,15,5,3,7,11,0,4])
Visited:state([13,12,14,9,8,1,10,6,2,15,0,3,7,11,5,4])
Visited:state([13,12,14,9,8,1,0,6,2,15,10,3,7,11,5,4])
Visited:state([13,12,0,9,8,1,14,6,2,15,10,3,7,11,5,4])
Visited:state([13,0,12,9,8,1,14,6,2,15,10,3,7,11,5,4])
Visited:state([13,1,12,9,8,0,14,6,2,15,10,3,7,11,5,4])
Visited:state([13,1,12,9,8,15,14,6,2,0,10,3,7,11,5,4])
Visited:state([13,1,12,9,8,15,14,6,2,11,10,3,7,0,5,4])
Visited:state([13,1,12,9,8,15,14,6,2,11,10,3,0,7,5,4])
Visited:state([13,1,12,9,8,15,14,6,0,11,10,3,2,7,5,4])
Visited:state([13,1,12,9,0,15,14,6,8,11,10,3,2,7,5,4])
Visited:state([0,1,12,9,13,15,14,6,8,11,10,3,2,7,5,4])
Visited:state([1,0,12,9,13,15,14,6,8,11,10,3,2,7,5,4])
Visited:state([1,15,12,9,13,0,14,6,8,11,10,3,2,7,5,4])
Visited:state([1,15,12,9,13,11,14,6,8,0,10,3,2,7,5,4])
Visited:state([1,15,12,9,13,11,14,6,8,7,10,3,2,0,5,4])
Visited:state([1,15,12,9,13,11,14,6,8,7,10,3,0,2,5,4])
Visited:state([1,15,12,9,13,11,14,6,0,7,10,3,8,2,5,4])
Visited:state([1,15,12,9,0,11,14,6,13,7,10,3,8,2,5,4])
Visited:state([0,15,12,9,1,11,14,6,13,7,10,3,8,2,5,4])
Visited:state([15,0,12,9,1,11,14,6,13,7,10,3,8,2,5,4])
Visited:state([15,11,12,9,1,0,14,6,13,7,10,3,8,2,5,4])
Visited:state([15,11,12,9,1,7,14,6,13,0,10,3,8,2,5,4])
Visited:state([15,11,12,9,1,7,14,6,13,2,10,3,8,0,5,4])
Visited:state([15,11,12,9,1,7,14,6,13,2,10,3,0,8,5,4])
Visited:state([15,11,12,9,1,7,14,6,0,2,10,3,13,8,5,4])
Visited:state([15,11,12,9,0,7,14,6,1,2,10,3,13,8,5,4])
Visited:state([0,11,12,9,15,7,14,6,1,2,10,3,13,8,5,4])
Visited:state([11,0,12,9,15,7,14,6,1,2,10,3,13,8,5,4])
Visited:state([11,7,12,9,15,0,14,6,1,2,10,3,13,8,5,4])
Visited:state([11,7,12,9,15,2,14,6,1,0,10,3,13,8,5,4])
Visited:state([11,7,12,9,15,2,14,6,1,8,10,3,13,0,5,4])
Visited:state([11,7,12,9,15,2,14,6,1,8,10,3,0,13,5,4])
Visited:state([11,7,12,9,15,2,14,6,0,8,10,3,1,13,5,4])
Visited:state([11,7,12,9,0,2,14,6,15,8,10,3,1,13,5,4])
Visited:state([0,7,12,9,11,2,14,6,15,8,10,3,1,13,5,4])
Visited:state([7,0,12,9,11,2,14,6,15,8,10,3,1,13,5,4])
Visited:state([7,2,12,9,11,0,14,6,15,8,10,3,1,13,5,4])
Visited:state([7,2,12,9,11,8,14,6,15,0,10,3,1,13,5,4])
Visited:state([7,2,12,9,11,8,14,6,15,13,10,3,1,0,5,4])
Visited:state([7,2,12,9,11,8,14,6,15,13,10,3,0,1,5,4])
Visited:state([7,2,12,9,11,8,14,6,0,13,10,3,15,1,5,4])
Visited:state([7,2,12,9,0,8,14,6,11,13,10,3,15,1,5,4])
Visited:state([0,2,12,9,7,8,14,6,11,13,10,3,15,1,5,4])
Visited:state([2,0,12,9,7,8,14,6,11,13,10,3,15,1,5,4])
Visited:state([2,8,12,9,7,0,14,6,11,13,10,3,15,1,5,4])
Visited:state([2,8,12,9,7,13,14,6,11,0,10,3,15,1,5,4])
Visited:state([2,8,12,9,7,13,14,6,11,1,10,3,15,0,5,4])
Visited:state([2,8,12,9,7,13,14,6,11,1,10,3,0,15,5,4])
Visited:state([2,8,12,9,7,13,14,6,0,1,10,3,11,15,5,4])
Visited:state([2,8,12,9,0,13,14,6,7,1,10,3,11,15,5,4])
Visited:state([0,8,12,9,2,13,14,6,7,1,10,3,11,15,5,4])
Visited:state([8,0,12,9,2,13,14,6,7,1,10,3,11,15,5,4])
Visited:state([8,13,12,9,2,0,14,6,7,1,10,3,11,15,5,4])
Visited:state([8,13,12,9,2,1,14,6,7,0,10,3,11,15,5,4])
Visited:state([8,13,12,9,2,1,14,6,7,15,10,3,11,0,5,4])
Visited:state([8,13,12,9,2,1,14,6,7,15,10,3,0,11,5,4])
Visited:state([8,13,12,9,2,1,14,6,0,15,10,3,7,11,5,4])
Visited:state([8,13,12,9,0,1,14,6,2,15,10,3,7,11,5,4])
Visited:state([0,13,12,9,8,1,14,6,2,15,10,3,7,11,5,4])
Visited:state([8,13,12,0,9,1,14,6,2,15,10,3,7,11,5,4])
Visited:state([8,13,12,6,9,1,14,0,2,15,10,3,7,11,5,4])
Visited:state([8,13,12,6,9,1,14,3,2,15,10,0,7,11,5,4])
Visited:state([8,13,12,6,9,1,14,3,2,15,10,4,7,11,5,0])
Visited:state([8,13,12,6,9,1,14,3,2,15,10,4,7,11,0,5])
Visited:state([8,13,12,6,9,1,14,3,2,15,0,4,7,11,10,5])
Visited:state([8,13,12,6,9,1,0,3,2,15,14,4,7,11,10,5])
Visited:state([8,13,0,6,9,1,12,3,2,15,14,4,7,11,10,5])
Visited:state([8,0,13,6,9,1,12,3,2,15,14,4,7,11,10,5])
Visited:state([8,1,13,6,9,0,12,3,2,15,14,4,7,11,10,5])
Visited:state([8,1,13,6,9,15,12,3,2,0,14,4,7,11,10,5])
Visited:state([8,1,13,6,9,15,12,3,2,11,14,4,7,0,10,5])
Visited:state([8,1,13,6,9,15,12,3,2,11,14,4,0,7,10,5])
Visited:state([8,1,13,6,9,15,12,3,0,11,14,4,2,7,10,5])
Visited:state([8,1,13,6,0,15,12,3,9,11,14,4,2,7,10,5])
Visited:state([0,1,13,6,8,15,12,3,9,11,14,4,2,7,10,5])
Visited:state([1,0,13,6,8,15,12,3,9,11,14,4,2,7,10,5])
Visited:state([1,15,13,6,8,0,12,3,9,11,14,4,2,7,10,5])
Visited:state([1,15,13,6,8,11,12,3,9,0,14,4,2,7,10,5])
Visited:state([1,15,13,6,8,11,12,3,9,7,14,4,2,0,10,5])
Visited:state([1,15,13,6,8,11,12,3,9,7,14,4,0,2,10,5])
Visited:state([1,15,13,6,8,11,12,3,0,7,14,4,9,2,10,5])
Visited:state([1,15,13,6,0,11,12,3,8,7,14,4,9,2,10,5])
Visited:state([0,15,13,6,1,11,12,3,8,7,14,4,9,2,10,5])
Visited:state([15,0,13,6,1,11,12,3,8,7,14,4,9,2,10,5])
Visited:state([15,11,13,6,1,0,12,3,8,7,14,4,9,2,10,5])
Visited:state([15,11,13,6,1,7,12,3,8,0,14,4,9,2,10,5])
Visited:state([15,11,13,6,1,7,12,3,8,2,14,4,9,0,10,5])
Visited:state([15,11,13,6,1,7,12,3,8,2,14,4,0,9,10,5])
Visited:state([15,11,13,6,1,7,12,3,0,2,14,4,8,9,10,5])
Visited:state([15,11,13,6,0,7,12,3,1,2,14,4,8,9,10,5])
Visited:state([0,11,13,6,15,7,12,3,1,2,14,4,8,9,10,5])
Visited:state([11,0,13,6,15,7,12,3,1,2,14,4,8,9,10,5])
Visited:state([11,7,13,6,15,0,12,3,1,2,14,4,8,9,10,5])
Visited:state([11,7,13,6,15,2,12,3,1,0,14,4,8,9,10,5])
Visited:state([11,7,13,6,15,2,12,3,1,9,14,4,8,0,10,5])
Visited:state([11,7,13,6,15,2,12,3,1,9,14,4,0,8,10,5])
Visited:state([11,7,13,6,15,2,12,3,0,9,14,4,1,8,10,5])
Visited:state([11,7,13,6,0,2,12,3,15,9,14,4,1,8,10,5])
Visited:state([0,7,13,6,11,2,12,3,15,9,14,4,1,8,10,5])
Visited:state([7,0,13,6,11,2,12,3,15,9,14,4,1,8,10,5])
Visited:state([7,2,13,6,11,0,12,3,15,9,14,4,1,8,10,5])
Visited:state([7,2,13,6,11,9,12,3,15,0,14,4,1,8,10,5])
Visited:state([7,2,13,6,11,9,12,3,15,8,14,4,1,0,10,5])
Visited:state([7,2,13,6,11,9,12,3,15,8,14,4,0,1,10,5])
Visited:state([7,2,13,6,11,9,12,3,0,8,14,4,15,1,10,5])
Visited:state([7,2,13,6,0,9,12,3,11,8,14,4,15,1,10,5])
Visited:state([0,2,13,6,7,9,12,3,11,8,14,4,15,1,10,5])
Visited:state([2,0,13,6,7,9,12,3,11,8,14,4,15,1,10,5])
Visited:state([2,9,13,6,7,0,12,3,11,8,14,4,15,1,10,5])
Visited:state([2,9,13,6,7,8,12,3,11,0,14,4,15,1,10,5])
Visited:state([2,9,13,6,7,8,12,3,11,1,14,4,15,0,10,5])
Visited:state([2,9,13,6,7,8,12,3,11,1,14,4,0,15,10,5])
Visited:state([2,9,13,6,7,8,12,3,0,1,14,4,11,15,10,5])
Visited:state([2,9,13,6,0,8,12,3,7,1,14,4,11,15,10,5])
Visited:state([0,9,13,6,2,8,12,3,7,1,14,4,11,15,10,5])
Visited:state([9,0,13,6,2,8,12,3,7,1,14,4,11,15,10,5])
Visited:state([9,8,13,6,2,0,12,3,7,1,14,4,11,15,10,5])
Visited:state([9,8,13,6,2,1,12,3,7,0,14,4,11,15,10,5])
Visited:state([9,8,13,6,2,1,12,3,7,15,14,4,11,0,10,5])
Visited:state([9,8,13,6,2,1,12,3,7,15,14,4,0,11,10,5])
Visited:state([9,8,13,6,2,1,12,3,0,15,14,4,7,11,10,5])
Visited:state([9,8,13,6,0,1,12,3,2,15,14,4,7,11,10,5])
Visited:state([0,8,13,6,9,1,12,3,2,15,14,4,7,11,10,5])
Visited:state([9,8,13,0,6,1,12,3,2,15,14,4,7,11,10,5])
Visited:state([9,8,13,3,6,1,12,0,2,15,14,4,7,11,10,5])
Visited:state([9,8,13,3,6,1,12,4,2,15,14,0,7,11,10,5])
Visited:state([9,8,13,3,6,1,12,4,2,15,14,5,7,11,10,0])
Visited:state([9,8,13,3,6,1,12,4,2,15,14,5,7,11,0,10])
Visited:state([9,8,13,3,6,1,12,4,2,15,0,5,7,11,14,10])
Visited:state([9,8,13,3,6,1,0,4,2,15,12,5,7,11,14,10])
Visited:state([9,8,0,3,6,1,13,4,2,15,12,5,7,11,14,10])
Visited:state([9,0,8,3,6,1,13,4,2,15,12,5,7,11,14,10])
Visited:state([9,1,8,3,6,0,13,4,2,15,12,5,7,11,14,10])
Visited:state([9,1,8,3,6,15,13,4,2,0,12,5,7,11,14,10])
Visited:state([9,1,8,3,6,15,13,4,2,11,12,5,7,0,14,10])
Visited:state([9,1,8,3,6,15,13,4,2,11,12,5,0,7,14,10])
Visited:state([9,1,8,3,6,15,13,4,0,11,12,5,2,7,14,10])
Visited:state([9,1,8,3,0,15,13,4,6,11,12,5,2,7,14,10])
Visited:state([0,1,8,3,9,15,13,4,6,11,12,5,2,7,14,10])
Visited:state([1,0,8,3,9,15,13,4,6,11,12,5,2,7,14,10])
Visited:state([1,15,8,3,9,0,13,4,6,11,12,5,2,7,14,10])
Visited:state([1,15,8,3,9,11,13,4,6,0,12,5,2,7,14,10])
Visited:state([1,15,8,3,9,11,13,4,6,7,12,5,2,0,14,10])
Visited:state([1,15,8,3,9,11,13,4,6,7,12,5,0,2,14,10])
Visited:state([1,15,8,3,9,11,13,4,0,7,12,5,6,2,14,10])
Visited:state([1,15,8,3,0,11,13,4,9,7,12,5,6,2,14,10])
Visited:state([0,15,8,3,1,11,13,4,9,7,12,5,6,2,14,10])
Visited:state([15,0,8,3,1,11,13,4,9,7,12,5,6,2,14,10])
Visited:state([15,11,8,3,1,0,13,4,9,7,12,5,6,2,14,10])
Visited:state([15,11,8,3,1,7,13,4,9,0,12,5,6,2,14,10])
Visited:state([15,11,8,3,1,7,13,4,9,2,12,5,6,0,14,10])
Visited:state([15,11,8,3,1,7,13,4,9,2,12,5,0,6,14,10])
Visited:state([15,11,8,3,1,7,13,4,0,2,12,5,9,6,14,10])
Visited:state([15,11,8,3,0,7,13,4,1,2,12,5,9,6,14,10])
Visited:state([0,11,8,3,15,7,13,4,1,2,12,5,9,6,14,10])
Visited:state([11,0,8,3,15,7,13,4,1,2,12,5,9,6,14,10])
Visited:state([11,7,8,3,15,0,13,4,1,2,12,5,9,6,14,10])
Visited:state([11,7,8,3,15,2,13,4,1,0,12,5,9,6,14,10])
Visited:state([11,7,8,3,15,2,13,4,1,6,12,5,9,0,14,10])
Visited:state([11,7,8,3,15,2,13,4,1,6,12,5,0,9,14,10])
Visited:state([11,7,8,3,15,2,13,4,0,6,12,5,1,9,14,10])
Visited:state([11,7,8,3,0,2,13,4,15,6,12,5,1,9,14,10])
Visited:state([0,7,8,3,11,2,13,4,15,6,12,5,1,9,14,10])
Visited:state([7,0,8,3,11,2,13,4,15,6,12,5,1,9,14,10])
Visited:state([7,2,8,3,11,0,13,4,15,6,12,5,1,9,14,10])
Visited:state([7,2,8,3,11,6,13,4,15,0,12,5,1,9,14,10])
Visited:state([7,2,8,3,11,6,13,4,15,9,12,5,1,0,14,10])
Visited:state([7,2,8,3,11,6,13,4,15,9,12,5,0,1,14,10])
Visited:state([7,2,8,3,11,6,13,4,0,9,12,5,15,1,14,10])
Visited:state([7,2,8,3,0,6,13,4,11,9,12,5,15,1,14,10])
Visited:state([0,2,8,3,7,6,13,4,11,9,12,5,15,1,14,10])
Visited:state([2,0,8,3,7,6,13,4,11,9,12,5,15,1,14,10])
Visited:state([2,6,8,3,7,0,13,4,11,9,12,5,15,1,14,10])
Visited:state([2,6,8,3,7,9,13,4,11,0,12,5,15,1,14,10])
Visited:state([2,6,8,3,7,9,13,4,11,1,12,5,15,0,14,10])
Visited:state([2,6,8,3,7,9,13,4,11,1,12,5,0,15,14,10])
Visited:state([2,6,8,3,7,9,13,4,0,1,12,5,11,15,14,10])
Visited:state([2,6,8,3,0,9,13,4,7,1,12,5,11,15,14,10])
Visited:state([0,6,8,3,2,9,13,4,7,1,12,5,11,15,14,10])
Visited:state([6,0,8,3,2,9,13,4,7,1,12,5,11,15,14,10])
Visited:state([6,9,8,3,2,0,13,4,7,1,12,5,11,15,14,10])
Visited:state([6,9,8,3,2,1,13,4,7,0,12,5,11,15,14,10])
Visited:state([6,9,8,3,2,1,13,4,7,15,12,5,11,0,14,10])
Visited:state([6,9,8,3,2,1,13,4,7,15,12,5,0,11,14,10])
Visited:state([6,9,8,3,2,1,13,4,0,15,12,5,7,11,14,10])
Visited:state([6,9,8,3,0,1,13,4,2,15,12,5,7,11,14,10])
Visited:state([0,9,8,3,6,1,13,4,2,15,12,5,7,11,14,10])
Visited:state([6,9,8,0,3,1,13,4,2,15,12,5,7,11,14,10])
Visited:state([6,9,8,4,3,1,13,0,2,15,12,5,7,11,14,10])
Visited:state([6,9,8,4,3,1,13,5,2,15,12,0,7,11,14,10])
Visited:state([6,9,8,4,3,1,13,5,2,15,12,10,7,11,14,0])
Visited:state([6,9,8,4,3,1,13,5,2,15,12,10,7,11,0,14])
Visited:state([6,9,8,4,3,1,13,5,2,15,0,10,7,11,12,14])
Visited:state([6,9,8,4,3,1,0,5,2,15,13,10,7,11,12,14])
Visited:state([6,9,0,4,3,1,8,5,2,15,13,10,7,11,12,14])
Visited:state([6,0,9,4,3,1,8,5,2,15,13,10,7,11,12,14])
Visited:state([6,1,9,4,3,0,8,5,2,15,13,10,7,11,12,14])
Visited:state([6,1,9,4,3,15,8,5,2,0,13,10,7,11,12,14])
Visited:state([6,1,9,4,3,15,8,5,2,11,13,10,7,0,12,14])
Visited:state([6,1,9,4,3,15,8,5,2,11,13,10,0,7,12,14])
Visited:state([6,1,9,4,3,15,8,5,0,11,13,10,2,7,12,14])
Visited:state([6,1,9,4,0,15,8,5,3,11,13,10,2,7,12,14])
Visited:state([0,1,9,4,6,15,8,5,3,11,13,10,2,7,12,14])
Visited:state([1,0,9,4,6,15,8,5,3,11,13,10,2,7,12,14])
Visited:state([1,15,9,4,6,0,8,5,3,11,13,10,2,7,12,14])
Visited:state([1,15,9,4,6,11,8,5,3,0,13,10,2,7,12,14])
Visited:state([1,15,9,4,6,11,8,5,3,7,13,10,2,0,12,14])
Visited:state([1,15,9,4,6,11,8,5,3,7,13,10,0,2,12,14])
Visited:state([1,15,9,4,6,11,8,5,0,7,13,10,3,2,12,14])
Visited:state([1,15,9,4,0,11,8,5,6,7,13,10,3,2,12,14])
Visited:state([0,15,9,4,1,11,8,5,6,7,13,10,3,2,12,14])
Visited:state([15,0,9,4,1,11,8,5,6,7,13,10,3,2,12,14])
Visited:state([15,11,9,4,1,0,8,5,6,7,13,10,3,2,12,14])
Visited:state([15,11,9,4,1,7,8,5,6,0,13,10,3,2,12,14])
Visited:state([15,11,9,4,1,7,8,5,6,2,13,10,3,0,12,14])
Visited:state([15,11,9,4,1,7,8,5,6,2,13,10,0,3,12,14])
Visited:state([15,11,9,4,1,7,8,5,0,2,13,10,6,3,12,14])
Visited:state([15,11,9,4,0,7,8,5,1,2,13,10,6,3,12,14])
Visited:state([0,11,9,4,15,7,8,5,1,2,13,10,6,3,12,14])
Visited:state([11,0,9,4,15,7,8,5,1,2,13,10,6,3,12,14])
Visited:state([11,7,9,4,15,0,8,5,1,2,13,10,6,3,12,14])
Visited:state([11,7,9,4,15,2,8,5,1,0,13,10,6,3,12,14])
Visited:state([11,7,9,4,15,2,8,5,1,3,13,10,6,0,12,14])
Visited:state([11,7,9,4,15,2,8,5,1,3,13,10,0,6,12,14])
Visited:state([11,7,9,4,15,2,8,5,0,3,13,10,1,6,12,14])
Visited:state([11,7,9,4,0,2,8,5,15,3,13,10,1,6,12,14])
Visited:state([0,7,9,4,11,2,8,5,15,3,13,10,1,6,12,14])
Visited:state([7,0,9,4,11,2,8,5,15,3,13,10,1,6,12,14])
Visited:state([7,2,9,4,11,0,8,5,15,3,13,10,1,6,12,14])
Visited:state([7,2,9,4,11,3,8,5,15,0,13,10,1,6,12,14])
Visited:state([7,2,9,4,11,3,8,5,15,6,13,10,1,0,12,14])
Visited:state([7,2,9,4,11,3,8,5,15,6,13,10,0,1,12,14])
Visited:state([7,2,9,4,11,3,8,5,0,6,13,10,15,1,12,14])
Visited:state([7,2,9,4,0,3,8,5,11,6,13,10,15,1,12,14])
Visited:state([0,2,9,4,7,3,8,5,11,6,13,10,15,1,12,14])
Visited:state([2,0,9,4,7,3,8,5,11,6,13,10,15,1,12,14])
Visited:state([2,3,9,4,7,0,8,5,11,6,13,10,15,1,12,14])
Visited:state([2,3,9,4,7,6,8,5,11,0,13,10,15,1,12,14])
Visited:state([2,3,9,4,7,6,8,5,11,1,13,10,15,0,12,14])
Visited:state([2,3,9,4,7,6,8,5,11,1,13,10,0,15,12,14])
Visited:state([2,3,9,4,7,6,8,5,0,1,13,10,11,15,12,14])
Visited:state([2,3,9,4,0,6,8,5,7,1,13,10,11,15,12,14])
Visited:state([0,3,9,4,2,6,8,5,7,1,13,10,11,15,12,14])
Visited:state([3,0,9,4,2,6,8,5,7,1,13,10,11,15,12,14])
Visited:state([3,6,9,4,2,0,8,5,7,1,13,10,11,15,12,14])
Visited:state([3,6,9,4,2,1,8,5,7,0,13,10,11,15,12,14])
Visited:state([3,6,9,4,2,1,8,5,7,15,13,10,11,0,12,14])
Visited:state([3,6,9,4,2,1,8,5,7,15,13,10,0,11,12,14])
Visited:state([3,6,9,4,2,1,8,5,0,15,13,10,7,11,12,14])
Visited:state([3,6,9,4,0,1,8,5,2,15,13,10,7,11,12,14])
Visited:state([0,6,9,4,3,1,8,5,2,15,13,10,7,11,12,14])
Visited:state([3,6,9,0,4,1,8,5,2,15,13,10,7,11,12,14])
Visited:state([3,6,9,5,4,1,8,0,2,15,13,10,7,11,12,14])
Visited:state([3,6,9,5,4,1,8,10,2,15,13,0,7,11,12,14])
Visited:state([3,6,9,5,4,1,8,10,2,15,13,14,7,11,12,0])
Visited:state([3,6,9,5,4,1,8,10,2,15,13,14,7,11,0,12])
Visited:state([3,6,9,5,4,1,8,10,2,15,0,14,7,11,13,12])
Visited:state([3,6,9,5,4,1,0,10,2,15,8,14,7,11,13,12])
Visited:state([3,6,0,5,4,1,9,10,2,15,8,14,7,11,13,12])
Visited:state([3,0,6,5,4,1,9,10,2,15,8,14,7,11,13,12])
Visited:state([3,1,6,5,4,0,9,10,2,15,8,14,7,11,13,12])
Visited:state([3,1,6,5,4,15,9,10,2,0,8,14,7,11,13,12])
Visited:state([3,1,6,5,4,15,9,10,2,11,8,14,7,0,13,12])
Visited:state([3,1,6,5,4,15,9,10,2,11,8,14,0,7,13,12])
Visited:state([3,1,6,5,4,15,9,10,0,11,8,14,2,7,13,12])
Visited:state([3,1,6,5,0,15,9,10,4,11,8,14,2,7,13,12])
Visited:state([0,1,6,5,3,15,9,10,4,11,8,14,2,7,13,12])
Visited:state([1,0,6,5,3,15,9,10,4,11,8,14,2,7,13,12])
Visited:state([1,15,6,5,3,0,9,10,4,11,8,14,2,7,13,12])
Visited:state([1,15,6,5,3,11,9,10,4,0,8,14,2,7,13,12])
Visited:state([1,15,6,5,3,11,9,10,4,7,8,14,2,0,13,12])
Visited:state([1,15,6,5,3,11,9,10,4,7,8,14,0,2,13,12])
Visited:state([1,15,6,5,3,11,9,10,0,7,8,14,4,2,13,12])
Visited:state([1,15,6,5,0,11,9,10,3,7,8,14,4,2,13,12])
Visited:state([0,15,6,5,1,11,9,10,3,7,8,14,4,2,13,12])
Visited:state([15,0,6,5,1,11,9,10,3,7,8,14,4,2,13,12])
Visited:state([15,11,6,5,1,0,9,10,3,7,8,14,4,2,13,12])
Visited:state([15,11,6,5,1,7,9,10,3,0,8,14,4,2,13,12])
Visited:state([15,11,6,5,1,7,9,10,3,2,8,14,4,0,13,12])
Visited:state([15,11,6,5,1,7,9,10,3,2,8,14,0,4,13,12])
Visited:state([15,11,6,5,1,7,9,10,0,2,8,14,3,4,13,12])
Visited:state([15,11,6,5,0,7,9,10,1,2,8,14,3,4,13,12])
Visited:state([0,11,6,5,15,7,9,10,1,2,8,14,3,4,13,12])
Visited:state([11,0,6,5,15,7,9,10,1,2,8,14,3,4,13,12])
Visited:state([11,7,6,5,15,0,9,10,1,2,8,14,3,4,13,12])
Visited:state([11,7,6,5,15,2,9,10,1,0,8,14,3,4,13,12])
Visited:state([11,7,6,5,15,2,9,10,1,4,8,14,3,0,13,12])
Visited:state([11,7,6,5,15,2,9,10,1,4,8,14,0,3,13,12])
Visited:state([11,7,6,5,15,2,9,10,0,4,8,14,1,3,13,12])
Visited:state([11,7,6,5,0,2,9,10,15,4,8,14,1,3,13,12])
Visited:state([0,7,6,5,11,2,9,10,15,4,8,14,1,3,13,12])
Visited:state([7,0,6,5,11,2,9,10,15,4,8,14,1,3,13,12])
Visited:state([7,2,6,5,11,0,9,10,15,4,8,14,1,3,13,12])
Visited:state([7,2,6,5,11,4,9,10,15,0,8,14,1,3,13,12])
Visited:state([7,2,6,5,11,4,9,10,15,3,8,14,1,0,13,12])
Visited:state([7,2,6,5,11,4,9,10,15,3,8,14,0,1,13,12])
Visited:state([7,2,6,5,11,4,9,10,0,3,8,14,15,1,13,12])
Visited:state([7,2,6,5,0,4,9,10,11,3,8,14,15,1,13,12])
Visited:state([0,2,6,5,7,4,9,10,11,3,8,14,15,1,13,12])
Visited:state([2,0,6,5,7,4,9,10,11,3,8,14,15,1,13,12])
Visited:state([2,4,6,5,7,0,9,10,11,3,8,14,15,1,13,12])
Visited:state([2,4,6,5,7,3,9,10,11,0,8,14,15,1,13,12])
Visited:state([2,4,6,5,7,3,9,10,11,1,8,14,15,0,13,12])
Visited:state([2,4,6,5,7,3,9,10,11,1,8,14,0,15,13,12])
Visited:state([2,4,6,5,7,3,9,10,0,1,8,14,11,15,13,12])
Visited:state([2,4,6,5,0,3,9,10,7,1,8,14,11,15,13,12])
Visited:state([0,4,6,5,2,3,9,10,7,1,8,14,11,15,13,12])
Visited:state([4,0,6,5,2,3,9,10,7,1,8,14,11,15,13,12])
Visited:state([4,3,6,5,2,0,9,10,7,1,8,14,11,15,13,12])
Visited:state([4,3,6,5,2,1,9,10,7,0,8,14,11,15,13,12])
Visited:state([4,3,6,5,2,1,9,10,7,15,8,14,11,0,13,12])
Visited:state([4,3,6,5,2,1,9,10,7,15,8,14,0,11,13,12])
Visited:state([4,3,6,5,2,1,9,10,0,15,8,14,7,11,13,12])
Visited:state([4,3,6,5,0,1,9,10,2,15,8,14,7,11,13,12])
Visited:state([0,3,6,5,4,1,9,10,2,15,8,14,7,11,13,12])
Visited:state([4,3,6,0,5,1,9,10,2,15,8,14,7,11,13,12])
Visited:state([4,3,6,10,5,1,9,0,2,15,8,14,7,11,13,12])
Visited:state([4,3,6,10,5,1,9,14,2,15,8,0,7,11,13,12])
Visited:state([4,3,6,10,5,1,9,14,2,15,8,12,7,11,13,0])
Visited:state([4,3,6,10,5,1,9,14,2,15,8,12,7,11,0,13])
Visited:state([4,3,6,10,5,1,9,14,2,15,0,12,7,11,8,13])
Visited:state([4,3,6,10,5,1,0,14,2,15,9,12,7,11,8,13])
Visited:state([4,3,0,10,5,1,6,14,2,15,9,12,7,11,8,13])
Visited:state([4,0,3,10,5,1,6,14,2,15,9,12,7,11,8,13])
Visited:state([4,1,3,10,5,0,6,14,2,15,9,12,7,11,8,13])
Visited:state([4,1,3,10,5,15,6,14,2,0,9,12,7,11,8,13])
Visited:state([4,1,3,10,5,15,6,14,2,11,9,12,7,0,8,13])
Visited:state([4,1,3,10,5,15,6,14,2,11,9,12,0,7,8,13])
Visited:state([4,1,3,10,5,15,6,14,0,11,9,12,2,7,8,13])
Visited:state([4,1,3,10,0,15,6,14,5,11,9,12,2,7,8,13])
Visited:state([0,1,3,10,4,15,6,14,5,11,9,12,2,7,8,13])
Visited:state([1,0,3,10,4,15,6,14,5,11,9,12,2,7,8,13])
Visited:state([1,15,3,10,4,0,6,14,5,11,9,12,2,7,8,13])
Visited:state([1,15,3,10,4,11,6,14,5,0,9,12,2,7,8,13])
Visited:state([1,15,3,10,4,11,6,14,5,7,9,12,2,0,8,13])
Visited:state([1,15,3,10,4,11,6,14,5,7,9,12,0,2,8,13])
Visited:state([1,15,3,10,4,11,6,14,0,7,9,12,5,2,8,13])
Visited:state([1,15,3,10,0,11,6,14,4,7,9,12,5,2,8,13])
Visited:state([0,15,3,10,1,11,6,14,4,7,9,12,5,2,8,13])
Visited:state([15,0,3,10,1,11,6,14,4,7,9,12,5,2,8,13])
Visited:state([15,11,3,10,1,0,6,14,4,7,9,12,5,2,8,13])
Visited:state([15,11,3,10,1,7,6,14,4,0,9,12,5,2,8,13])
Visited:state([15,11,3,10,1,7,6,14,4,2,9,12,5,0,8,13])
Visited:state([15,11,3,10,1,7,6,14,4,2,9,12,0,5,8,13])
Visited:state([15,11,3,10,1,7,6,14,0,2,9,12,4,5,8,13])
Visited:state([15,11,3,10,0,7,6,14,1,2,9,12,4,5,8,13])
Visited:state([0,11,3,10,15,7,6,14,1,2,9,12,4,5,8,13])
Visited:state([11,0,3,10,15,7,6,14,1,2,9,12,4,5,8,13])
Visited:state([11,7,3,10,15,0,6,14,1,2,9,12,4,5,8,13])
Visited:state([11,7,3,10,15,2,6,14,1,0,9,12,4,5,8,13])
Visited:state([11,7,3,10,15,2,6,14,1,5,9,12,4,0,8,13])
Visited:state([11,7,3,10,15,2,6,14,1,5,9,12,0,4,8,13])
Visited:state([11,7,3,10,15,2,6,14,0,5,9,12,1,4,8,13])
Visited:state([11,7,3,10,0,2,6,14,15,5,9,12,1,4,8,13])
Visited:state([0,7,3,10,11,2,6,14,15,5,9,12,1,4,8,13])
Visited:state([7,0,3,10,11,2,6,14,15,5,9,12,1,4,8,13])
Visited:state([7,2,3,10,11,0,6,14,15,5,9,12,1,4,8,13])
Visited:state([7,2,3,10,11,5,6,14,15,0,9,12,1,4,8,13])
Visited:state([7,2,3,10,11,5,6,14,15,4,9,12,1,0,8,13])
Visited:state([7,2,3,10,11,5,6,14,15,4,9,12,0,1,8,13])
Visited:state([7,2,3,10,11,5,6,14,0,4,9,12,15,1,8,13])
Visited:state([7,2,3,10,0,5,6,14,11,4,9,12,15,1,8,13])
Visited:state([0,2,3,10,7,5,6,14,11,4,9,12,15,1,8,13])
Visited:state([2,0,3,10,7,5,6,14,11,4,9,12,15,1,8,13])
Visited:state([2,5,3,10,7,0,6,14,11,4,9,12,15,1,8,13])
Visited:state([2,5,3,10,7,4,6,14,11,0,9,12,15,1,8,13])
Visited:state([2,5,3,10,7,4,6,14,11,1,9,12,15,0,8,13])
Visited:state([2,5,3,10,7,4,6,14,11,1,9,12,0,15,8,13])
Visited:state([2,5,3,10,7,4,6,14,0,1,9,12,11,15,8,13])
Visited:state([2,5,3,10,0,4,6,14,7,1,9,12,11,15,8,13])
Visited:state([0,5,3,10,2,4,6,14,7,1,9,12,11,15,8,13])
Visited:state([5,0,3,10,2,4,6,14,7,1,9,12,11,15,8,13])
Visited:state([5,4,3,10,2,0,6,14,7,1,9,12,11,15,8,13])
Visited:state([5,4,3,10,2,1,6,14,7,0,9,12,11,15,8,13])
Visited:state([5,4,3,10,2,1,6,14,7,15,9,12,11,0,8,13])
Visited:state([5,4,3,10,2,1,6,14,7,15,9,12,0,11,8,13])
Visited:state([5,4,3,10,2,1,6,14,0,15,9,12,7,11,8,13])
Visited:state([5,4,3,10,0,1,6,14,2,15,9,12,7,11,8,13])
Visited:state([0,4,3,10,5,1,6,14,2,15,9,12,7,11,8,13])
Visited:state([5,4,3,0,10,1,6,14,2,15,9,12,7,11,8,13])
Visited:state([5,4,3,14,10,1,6,0,2,15,9,12,7,11,8,13])
Visited:state([5,4,3,14,10,1,6,12,2,15,9,0,7,11,8,13])
Visited:state([5,4,3,14,10,1,6,12,2,15,9,13,7,11,8,0])
Visited:state([5,4,3,14,10,1,6,12,2,15,9,13,7,11,0,8])
Visited:state([5,4,3,14,10,1,6,12,2,15,0,13,7,11,9,8])
Visited:state([5,4,3,14,10,1,0,12,2,15,6,13,7,11,9,8])
Visited:state([5,4,0,14,10,1,3,12,2,15,6,13,7,11,9,8])
Solution path is:
state([5,0,4,14,10,1,3,12,2,15,6,13,7,11,9,8])
state([5,1,4,14,10,0,3,12,2,15,6,13,7,11,9,8])
state([5,1,4,14,10,15,3,12,2,0,6,13,7,11,9,8])
state([5,1,4,14,10,15,3,12,2,11,6,13,7,0,9,8])
state([5,1,4,14,10,15,3,12,2,11,6,13,0,7,9,8])
state([5,1,4,14,10,15,3,12,0,11,6,13,2,7,9,8])
state([5,1,4,14,0,15,3,12,10,11,6,13,2,7,9,8])
state([0,1,4,14,5,15,3,12,10,11,6,13,2,7,9,8])
state([1,0,4,14,5,15,3,12,10,11,6,13,2,7,9,8])
state([1,15,4,14,5,0,3,12,10,11,6,13,2,7,9,8])
state([1,15,4,14,5,11,3,12,10,0,6,13,2,7,9,8])
state([1,15,4,14,5,11,3,12,10,7,6,13,2,0,9,8])
state([1,15,4,14,5,11,3,12,10,7,6,13,0,2,9,8])
state([1,15,4,14,5,11,3,12,0,7,6,13,10,2,9,8])
state([1,15,4,14,0,11,3,12,5,7,6,13,10,2,9,8])
state([0,15,4,14,1,11,3,12,5,7,6,13,10,2,9,8])
state([15,0,4,14,1,11,3,12,5,7,6,13,10,2,9,8])
state([15,11,4,14,1,0,3,12,5,7,6,13,10,2,9,8])
state([15,11,4,14,1,7,3,12,5,0,6,13,10,2,9,8])
state([15,11,4,14,1,7,3,12,5,2,6,13,10,0,9,8])
state([15,11,4,14,1,7,3,12,5,2,6,13,0,10,9,8])
state([15,11,4,14,1,7,3,12,0,2,6,13,5,10,9,8])
state([15,11,4,14,0,7,3,12,1,2,6,13,5,10,9,8])
state([0,11,4,14,15,7,3,12,1,2,6,13,5,10,9,8])
state([11,0,4,14,15,7,3,12,1,2,6,13,5,10,9,8])
state([11,7,4,14,15,0,3,12,1,2,6,13,5,10,9,8])
state([11,7,4,14,15,2,3,12,1,0,6,13,5,10,9,8])
state([11,7,4,14,15,2,3,12,1,10,6,13,5,0,9,8])
state([11,7,4,14,15,2,3,12,1,10,6,13,0,5,9,8])
state([11,7,4,14,15,2,3,12,0,10,6,13,1,5,9,8])
state([11,7,4,14,0,2,3,12,15,10,6,13,1,5,9,8])
state([0,7,4,14,11,2,3,12,15,10,6,13,1,5,9,8])
state([7,0,4,14,11,2,3,12,15,10,6,13,1,5,9,8])
state([7,2,4,14,11,0,3,12,15,10,6,13,1,5,9,8])
state([7,2,4,14,11,10,3,12,15,0,6,13,1,5,9,8])
state([7,2,4,14,11,10,3,12,15,5,6,13,1,0,9,8])
state([7,2,4,14,11,10,3,12,15,5,6,13,0,1,9,8])
state([7,2,4,14,11,10,3,12,0,5,6,13,15,1,9,8])
state([7,2,4,14,0,10,3,12,11,5,6,13,15,1,9,8])
state([0,2,4,14,7,10,3,12,11,5,6,13,15,1,9,8])
state([2,0,4,14,7,10,3,12,11,5,6,13,15,1,9,8])
state([2,10,4,14,7,0,3,12,11,5,6,13,15,1,9,8])
state([2,10,4,14,7,5,3,12,11,0,6,13,15,1,9,8])
state([2,10,4,14,7,5,3,12,11,1,6,13,15,0,9,8])
state([2,10,4,14,7,5,3,12,11,1,6,13,0,15,9,8])
state([2,10,4,14,7,5,3,12,0,1,6,13,11,15,9,8])
state([2,10,4,14,0,5,3,12,7,1,6,13,11,15,9,8])
state([0,10,4,14,2,5,3,12,7,1,6,13,11,15,9,8])
state([10,0,4,14,2,5,3,12,7,1,6,13,11,15,9,8])
state([10,5,4,14,2,0,3,12,7,1,6,13,11,15,9,8])
state([10,5,4,14,2,1,3,12,7,0,6,13,11,15,9,8])
state([10,5,4,14,2,1,3,12,7,15,6,13,11,0,9,8])
state([10,5,4,14,2,1,3,12,7,15,6,13,0,11,9,8])
state([10,5,4,14,2,1,3,12,0,15,6,13,7,11,9,8])
state([10,5,4,14,0,1,3,12,2,15,6,13,7,11,9,8])
state([10,5,4,0,14,1,3,12,2,15,6,13,7,11,9,8])
state([10,5,4,12,14,1,3,0,2,15,6,13,7,11,9,8])
state([10,5,4,12,14,1,3,13,2,15,6,0,7,11,9,8])
state([10,5,4,12,14,1,3,13,2,15,6,8,7,11,9,0])
state([10,5,4,12,14,1,3,13,2,15,6,8,7,11,0,9])
state([10,5,4,12,14,1,3,13,2,15,0,8,7,11,6,9])
state([10,5,4,12,14,1,0,13,2,15,3,8,7,11,6,9])
state([10,5,0,12,14,1,4,13,2,15,3,8,7,11,6,9])
state([10,0,5,12,14,1,4,13,2,15,3,8,7,11,6,9])
state([10,1,5,12,14,0,4,13,2,15,3,8,7,11,6,9])
state([10,1,5,12,14,15,4,13,2,0,3,8,7,11,6,9])
state([10,1,5,12,14,15,4,13,2,11,3,8,7,0,6,9])
state([10,1,5,12,14,15,4,13,2,11,3,8,0,7,6,9])
state([10,1,5,12,14,15,4,13,0,11,3,8,2,7,6,9])
state([10,1,5,12,0,15,4,13,14,11,3,8,2,7,6,9])
state([0,1,5,12,10,15,4,13,14,11,3,8,2,7,6,9])
state([1,0,5,12,10,15,4,13,14,11,3,8,2,7,6,9])
state([1,15,5,12,10,0,4,13,14,11,3,8,2,7,6,9])
state([1,15,5,12,10,11,4,13,14,0,3,8,2,7,6,9])
state([1,15,5,12,10,11,4,13,14,7,3,8,2,0,6,9])
state([1,15,5,12,10,11,4,13,14,7,3,8,0,2,6,9])
state([1,15,5,12,10,11,4,13,0,7,3,8,14,2,6,9])
state([1,15,5,12,0,11,4,13,10,7,3,8,14,2,6,9])
state([0,15,5,12,1,11,4,13,10,7,3,8,14,2,6,9])
state([15,0,5,12,1,11,4,13,10,7,3,8,14,2,6,9])
state([15,11,5,12,1,0,4,13,10,7,3,8,14,2,6,9])
state([15,11,5,12,1,7,4,13,10,0,3,8,14,2,6,9])
state([15,11,5,12,1,7,4,13,10,2,3,8,14,0,6,9])
state([15,11,5,12,1,7,4,13,10,2,3,8,0,14,6,9])
state([15,11,5,12,1,7,4,13,0,2,3,8,10,14,6,9])
state([15,11,5,12,0,7,4,13,1,2,3,8,10,14,6,9])
state([0,11,5,12,15,7,4,13,1,2,3,8,10,14,6,9])
state([11,0,5,12,15,7,4,13,1,2,3,8,10,14,6,9])
state([11,7,5,12,15,0,4,13,1,2,3,8,10,14,6,9])
state([11,7,5,12,15,2,4,13,1,0,3,8,10,14,6,9])
state([11,7,5,12,15,2,4,13,1,14,3,8,10,0,6,9])
state([11,7,5,12,15,2,4,13,1,14,3,8,0,10,6,9])
state([11,7,5,12,15,2,4,13,0,14,3,8,1,10,6,9])
state([11,7,5,12,0,2,4,13,15,14,3,8,1,10,6,9])
state([0,7,5,12,11,2,4,13,15,14,3,8,1,10,6,9])
state([7,0,5,12,11,2,4,13,15,14,3,8,1,10,6,9])
state([7,2,5,12,11,0,4,13,15,14,3,8,1,10,6,9])
state([7,2,5,12,11,14,4,13,15,0,3,8,1,10,6,9])
state([7,2,5,12,11,14,4,13,15,10,3,8,1,0,6,9])
state([7,2,5,12,11,14,4,13,15,10,3,8,0,1,6,9])
state([7,2,5,12,11,14,4,13,0,10,3,8,15,1,6,9])
state([7,2,5,12,0,14,4,13,11,10,3,8,15,1,6,9])
state([0,2,5,12,7,14,4,13,11,10,3,8,15,1,6,9])
state([2,0,5,12,7,14,4,13,11,10,3,8,15,1,6,9])
state([2,14,5,12,7,0,4,13,11,10,3,8,15,1,6,9])
state([2,14,5,12,7,10,4,13,11,0,3,8,15,1,6,9])
state([2,14,5,12,7,10,4,13,11,1,3,8,15,0,6,9])
state([2,14,5,12,7,10,4,13,11,1,3,8,0,15,6,9])
state([2,14,5,12,7,10,4,13,0,1,3,8,11,15,6,9])
state([2,14,5,12,0,10,4,13,7,1,3,8,11,15,6,9])
state([0,14,5,12,2,10,4,13,7,1,3,8,11,15,6,9])
state([14,0,5,12,2,10,4,13,7,1,3,8,11,15,6,9])
state([14,10,5,12,2,0,4,13,7,1,3,8,11,15,6,9])
state([14,10,5,12,2,1,4,13,7,0,3,8,11,15,6,9])
state([14,10,5,12,2,1,4,13,7,15,3,8,11,0,6,9])
state([14,10,5,12,2,1,4,13,7,15,3,8,0,11,6,9])
state([14,10,5,12,2,1,4,13,0,15,3,8,7,11,6,9])
state([14,10,5,12,0,1,4,13,2,15,3,8,7,11,6,9])
state([14,10,5,0,12,1,4,13,2,15,3,8,7,11,6,9])
state([14,10,5,13,12,1,4,0,2,15,3,8,7,11,6,9])
state([14,10,5,13,12,1,4,8,2,15,3,0,7,11,6,9])
state([14,10,5,13,12,1,4,8,2,15,3,9,7,11,6,0])
state([14,10,5,13,12,1,4,8,2,15,3,9,7,11,0,6])
state([14,10,5,13,12,1,4,8,2,15,0,9,7,11,3,6])
state([14,10,5,13,12,1,0,8,2,15,4,9,7,11,3,6])
state([14,10,0,13,12,1,5,8,2,15,4,9,7,11,3,6])
state([14,0,10,13,12,1,5,8,2,15,4,9,7,11,3,6])
state([14,1,10,13,12,0,5,8,2,15,4,9,7,11,3,6])
state([14,1,10,13,12,15,5,8,2,0,4,9,7,11,3,6])
state([14,1,10,13,12,15,5,8,2,11,4,9,7,0,3,6])
state([14,1,10,13,12,15,5,8,2,11,4,9,0,7,3,6])
state([14,1,10,13,12,15,5,8,0,11,4,9,2,7,3,6])
state([14,1,10,13,0,15,5,8,12,11,4,9,2,7,3,6])
state([0,1,10,13,14,15,5,8,12,11,4,9,2,7,3,6])
state([1,0,10,13,14,15,5,8,12,11,4,9,2,7,3,6])
state([1,15,10,13,14,0,5,8,12,11,4,9,2,7,3,6])
state([1,15,10,13,14,11,5,8,12,0,4,9,2,7,3,6])
state([1,15,10,13,14,11,5,8,12,7,4,9,2,0,3,6])
state([1,15,10,13,14,11,5,8,12,7,4,9,0,2,3,6])
state([1,15,10,13,14,11,5,8,0,7,4,9,12,2,3,6])
state([1,15,10,13,0,11,5,8,14,7,4,9,12,2,3,6])
state([0,15,10,13,1,11,5,8,14,7,4,9,12,2,3,6])
state([15,0,10,13,1,11,5,8,14,7,4,9,12,2,3,6])
state([15,11,10,13,1,0,5,8,14,7,4,9,12,2,3,6])
state([15,11,10,13,1,7,5,8,14,0,4,9,12,2,3,6])
state([15,11,10,13,1,7,5,8,14,2,4,9,12,0,3,6])
state([15,11,10,13,1,7,5,8,14,2,4,9,0,12,3,6])
state([15,11,10,13,1,7,5,8,0,2,4,9,14,12,3,6])
state([15,11,10,13,0,7,5,8,1,2,4,9,14,12,3,6])
state([0,11,10,13,15,7,5,8,1,2,4,9,14,12,3,6])
state([11,0,10,13,15,7,5,8,1,2,4,9,14,12,3,6])
state([11,7,10,13,15,0,5,8,1,2,4,9,14,12,3,6])
state([11,7,10,13,15,2,5,8,1,0,4,9,14,12,3,6])
state([11,7,10,13,15,2,5,8,1,12,4,9,14,0,3,6])
state([11,7,10,13,15,2,5,8,1,12,4,9,0,14,3,6])
state([11,7,10,13,15,2,5,8,0,12,4,9,1,14,3,6])
state([11,7,10,13,0,2,5,8,15,12,4,9,1,14,3,6])
state([0,7,10,13,11,2,5,8,15,12,4,9,1,14,3,6])
state([7,0,10,13,11,2,5,8,15,12,4,9,1,14,3,6])
state([7,2,10,13,11,0,5,8,15,12,4,9,1,14,3,6])
state([7,2,10,13,11,12,5,8,15,0,4,9,1,14,3,6])
state([7,2,10,13,11,12,5,8,15,14,4,9,1,0,3,6])
state([7,2,10,13,11,12,5,8,15,14,4,9,0,1,3,6])
state([7,2,10,13,11,12,5,8,0,14,4,9,15,1,3,6])
state([7,2,10,13,0,12,5,8,11,14,4,9,15,1,3,6])
state([0,2,10,13,7,12,5,8,11,14,4,9,15,1,3,6])
state([2,0,10,13,7,12,5,8,11,14,4,9,15,1,3,6])
state([2,12,10,13,7,0,5,8,11,14,4,9,15,1,3,6])
state([2,12,10,13,7,14,5,8,11,0,4,9,15,1,3,6])
state([2,12,10,13,7,14,5,8,11,1,4,9,15,0,3,6])
state([2,12,10,13,7,14,5,8,11,1,4,9,0,15,3,6])
state([2,12,10,13,7,14,5,8,0,1,4,9,11,15,3,6])
state([2,12,10,13,0,14,5,8,7,1,4,9,11,15,3,6])
state([0,12,10,13,2,14,5,8,7,1,4,9,11,15,3,6])
state([12,0,10,13,2,14,5,8,7,1,4,9,11,15,3,6])
state([12,14,10,13,2,0,5,8,7,1,4,9,11,15,3,6])
state([12,14,10,13,2,1,5,8,7,0,4,9,11,15,3,6])
state([12,14,10,13,2,1,5,8,7,15,4,9,11,0,3,6])
state([12,14,10,13,2,1,5,8,7,15,4,9,0,11,3,6])
state([12,14,10,13,2,1,5,8,0,15,4,9,7,11,3,6])
state([12,14,10,13,0,1,5,8,2,15,4,9,7,11,3,6])
state([12,14,10,0,13,1,5,8,2,15,4,9,7,11,3,6])
state([12,14,10,8,13,1,5,0,2,15,4,9,7,11,3,6])
state([12,14,10,8,13,1,5,9,2,15,4,0,7,11,3,6])
state([12,14,10,8,13,1,5,9,2,15,4,6,7,11,3,0])
state([12,14,10,8,13,1,5,9,2,15,4,6,7,11,0,3])
state([12,14,10,8,13,1,5,9,2,15,0,6,7,11,4,3])
state([12,14,10,8,13,1,0,9,2,15,5,6,7,11,4,3])
state([12,14,0,8,13,1,10,9,2,15,5,6,7,11,4,3])
state([12,0,14,8,13,1,10,9,2,15,5,6,7,11,4,3])
state([12,1,14,8,13,0,10,9,2,15,5,6,7,11,4,3])
state([12,1,14,8,13,15,10,9,2,0,5,6,7,11,4,3])
state([12,1,14,8,13,15,10,9,2,11,5,6,7,0,4,3])
state([12,1,14,8,13,15,10,9,2,11,5,6,0,7,4,3])
state([12,1,14,8,13,15,10,9,0,11,5,6,2,7,4,3])
state([12,1,14,8,0,15,10,9,13,11,5,6,2,7,4,3])
state([0,1,14,8,12,15,10,9,13,11,5,6,2,7,4,3])
state([1,0,14,8,12,15,10,9,13,11,5,6,2,7,4,3])
state([1,15,14,8,12,0,10,9,13,11,5,6,2,7,4,3])
state([1,15,14,8,12,11,10,9,13,0,5,6,2,7,4,3])
state([1,15,14,8,12,11,10,9,13,7,5,6,2,0,4,3])
state([1,15,14,8,12,11,10,9,13,7,5,6,0,2,4,3])
state([1,15,14,8,12,11,10,9,0,7,5,6,13,2,4,3])
state([1,15,14,8,0,11,10,9,12,7,5,6,13,2,4,3])
state([0,15,14,8,1,11,10,9,12,7,5,6,13,2,4,3])
state([15,0,14,8,1,11,10,9,12,7,5,6,13,2,4,3])
state([15,11,14,8,1,0,10,9,12,7,5,6,13,2,4,3])
state([15,11,14,8,1,7,10,9,12,0,5,6,13,2,4,3])
state([15,11,14,8,1,7,10,9,12,2,5,6,13,0,4,3])
state([15,11,14,8,1,7,10,9,12,2,5,6,0,13,4,3])
state([15,11,14,8,1,7,10,9,0,2,5,6,12,13,4,3])
state([15,11,14,8,0,7,10,9,1,2,5,6,12,13,4,3])
state([0,11,14,8,15,7,10,9,1,2,5,6,12,13,4,3])
state([11,0,14,8,15,7,10,9,1,2,5,6,12,13,4,3])
state([11,7,14,8,15,0,10,9,1,2,5,6,12,13,4,3])
state([11,7,14,8,15,2,10,9,1,0,5,6,12,13,4,3])
state([11,7,14,8,15,2,10,9,1,13,5,6,12,0,4,3])
state([11,7,14,8,15,2,10,9,1,13,5,6,0,12,4,3])
state([11,7,14,8,15,2,10,9,0,13,5,6,1,12,4,3])
state([11,7,14,8,0,2,10,9,15,13,5,6,1,12,4,3])
state([0,7,14,8,11,2,10,9,15,13,5,6,1,12,4,3])
state([7,0,14,8,11,2,10,9,15,13,5,6,1,12,4,3])
state([7,2,14,8,11,0,10,9,15,13,5,6,1,12,4,3])
state([7,2,14,8,11,13,10,9,15,0,5,6,1,12,4,3])
state([7,2,14,8,11,13,10,9,15,12,5,6,1,0,4,3])
state([7,2,14,8,11,13,10,9,15,12,5,6,0,1,4,3])
state([7,2,14,8,11,13,10,9,0,12,5,6,15,1,4,3])
state([7,2,14,8,0,13,10,9,11,12,5,6,15,1,4,3])
state([0,2,14,8,7,13,10,9,11,12,5,6,15,1,4,3])
state([2,0,14,8,7,13,10,9,11,12,5,6,15,1,4,3])
state([2,13,14,8,7,0,10,9,11,12,5,6,15,1,4,3])
state([2,13,14,8,7,12,10,9,11,0,5,6,15,1,4,3])
state([2,13,14,8,7,12,10,9,11,1,5,6,15,0,4,3])
state([2,13,14,8,7,12,10,9,11,1,5,6,0,15,4,3])
state([2,13,14,8,7,12,10,9,0,1,5,6,11,15,4,3])
state([2,13,14,8,0,12,10,9,7,1,5,6,11,15,4,3])
state([0,13,14,8,2,12,10,9,7,1,5,6,11,15,4,3])
state([13,0,14,8,2,12,10,9,7,1,5,6,11,15,4,3])
state([13,12,14,8,2,0,10,9,7,1,5,6,11,15,4,3])
state([13,12,14,8,2,1,10,9,7,0,5,6,11,15,4,3])
state([13,12,14,8,2,1,10,9,7,15,5,6,11,0,4,3])
state([13,12,14,8,2,1,10,9,7,15,5,6,0,11,4,3])
state([13,12,14,8,2,1,10,9,0,15,5,6,7,11,4,3])
state([13,12,14,8,0,1,10,9,2,15,5,6,7,11,4,3])
state([13,12,14,0,8,1,10,9,2,15,5,6,7,11,4,3])
state([13,12,14,9,8,1,10,0,2,15,5,6,7,11,4,3])
state([13,12,14,9,8,1,10,6,2,15,5,0,7,11,4,3])
state([13,12,14,9,8,1,10,6,2,15,5,3,7,11,4,0])
state([13,12,14,9,8,1,10,6,2,15,5,3,7,11,0,4])
state([13,12,14,9,8,1,10,6,2,15,0,3,7,11,5,4])
state([13,12,14,9,8,1,0,6,2,15,10,3,7,11,5,4])
state([13,12,0,9,8,1,14,6,2,15,10,3,7,11,5,4])
state([13,0,12,9,8,1,14,6,2,15,10,3,7,11,5,4])
state([13,1,12,9,8,0,14,6,2,15,10,3,7,11,5,4])
state([13,1,12,9,8,15,14,6,2,0,10,3,7,11,5,4])
state([13,1,12,9,8,15,14,6,2,11,10,3,7,0,5,4])
state([13,1,12,9,8,15,14,6,2,11,10,3,0,7,5,4])
state([13,1,12,9,8,15,14,6,0,11,10,3,2,7,5,4])
state([13,1,12,9,0,15,14,6,8,11,10,3,2,7,5,4])
state([0,1,12,9,13,15,14,6,8,11,10,3,2,7,5,4])
state([1,0,12,9,13,15,14,6,8,11,10,3,2,7,5,4])
state([1,15,12,9,13,0,14,6,8,11,10,3,2,7,5,4])
state([1,15,12,9,13,11,14,6,8,0,10,3,2,7,5,4])
state([1,15,12,9,13,11,14,6,8,7,10,3,2,0,5,4])
state([1,15,12,9,13,11,14,6,8,7,10,3,0,2,5,4])
state([1,15,12,9,13,11,14,6,0,7,10,3,8,2,5,4])
state([1,15,12,9,0,11,14,6,13,7,10,3,8,2,5,4])
state([0,15,12,9,1,11,14,6,13,7,10,3,8,2,5,4])
state([15,0,12,9,1,11,14,6,13,7,10,3,8,2,5,4])
state([15,11,12,9,1,0,14,6,13,7,10,3,8,2,5,4])
state([15,11,12,9,1,7,14,6,13,0,10,3,8,2,5,4])
state([15,11,12,9,1,7,14,6,13,2,10,3,8,0,5,4])
state([15,11,12,9,1,7,14,6,13,2,10,3,0,8,5,4])
state([15,11,12,9,1,7,14,6,0,2,10,3,13,8,5,4])
state([15,11,12,9,0,7,14,6,1,2,10,3,13,8,5,4])
state([0,11,12,9,15,7,14,6,1,2,10,3,13,8,5,4])
state([11,0,12,9,15,7,14,6,1,2,10,3,13,8,5,4])
state([11,7,12,9,15,0,14,6,1,2,10,3,13,8,5,4])
state([11,7,12,9,15,2,14,6,1,0,10,3,13,8,5,4])
state([11,7,12,9,15,2,14,6,1,8,10,3,13,0,5,4])
state([11,7,12,9,15,2,14,6,1,8,10,3,0,13,5,4])
state([11,7,12,9,15,2,14,6,0,8,10,3,1,13,5,4])
state([11,7,12,9,0,2,14,6,15,8,10,3,1,13,5,4])
state([0,7,12,9,11,2,14,6,15,8,10,3,1,13,5,4])
state([7,0,12,9,11,2,14,6,15,8,10,3,1,13,5,4])
state([7,2,12,9,11,0,14,6,15,8,10,3,1,13,5,4])
state([7,2,12,9,11,8,14,6,15,0,10,3,1,13,5,4])
state([7,2,12,9,11,8,14,6,15,13,10,3,1,0,5,4])
state([7,2,12,9,11,8,14,6,15,13,10,3,0,1,5,4])
state([7,2,12,9,11,8,14,6,0,13,10,3,15,1,5,4])
state([7,2,12,9,0,8,14,6,11,13,10,3,15,1,5,4])
state([0,2,12,9,7,8,14,6,11,13,10,3,15,1,5,4])
state([2,0,12,9,7,8,14,6,11,13,10,3,15,1,5,4])
state([2,8,12,9,7,0,14,6,11,13,10,3,15,1,5,4])
state([2,8,12,9,7,13,14,6,11,0,10,3,15,1,5,4])
state([2,8,12,9,7,13,14,6,11,1,10,3,15,0,5,4])
state([2,8,12,9,7,13,14,6,11,1,10,3,0,15,5,4])
state([2,8,12,9,7,13,14,6,0,1,10,3,11,15,5,4])
state([2,8,12,9,0,13,14,6,7,1,10,3,11,15,5,4])
state([0,8,12,9,2,13,14,6,7,1,10,3,11,15,5,4])
state([8,0,12,9,2,13,14,6,7,1,10,3,11,15,5,4])
state([8,13,12,9,2,0,14,6,7,1,10,3,11,15,5,4])
state([8,13,12,9,2,1,14,6,7,0,10,3,11,15,5,4])
state([8,13,12,9,2,1,14,6,7,15,10,3,11,0,5,4])
state([8,13,12,9,2,1,14,6,7,15,10,3,0,11,5,4])
state([8,13,12,9,2,1,14,6,0,15,10,3,7,11,5,4])
state([8,13,12,9,0,1,14,6,2,15,10,3,7,11,5,4])
state([8,13,12,0,9,1,14,6,2,15,10,3,7,11,5,4])
state([8,13,12,6,9,1,14,0,2,15,10,3,7,11,5,4])
state([8,13,12,6,9,1,14,3,2,15,10,0,7,11,5,4])
state([8,13,12,6,9,1,14,3,2,15,10,4,7,11,5,0])
state([8,13,12,6,9,1,14,3,2,15,10,4,7,11,0,5])
state([8,13,12,6,9,1,14,3,2,15,0,4,7,11,10,5])
state([8,13,12,6,9,1,0,3,2,15,14,4,7,11,10,5])
state([8,13,0,6,9,1,12,3,2,15,14,4,7,11,10,5])
state([8,0,13,6,9,1,12,3,2,15,14,4,7,11,10,5])
state([8,1,13,6,9,0,12,3,2,15,14,4,7,11,10,5])
state([8,1,13,6,9,15,12,3,2,0,14,4,7,11,10,5])
state([8,1,13,6,9,15,12,3,2,11,14,4,7,0,10,5])
state([8,1,13,6,9,15,12,3,2,11,14,4,0,7,10,5])
state([8,1,13,6,9,15,12,3,0,11,14,4,2,7,10,5])
state([8,1,13,6,0,15,12,3,9,11,14,4,2,7,10,5])
state([0,1,13,6,8,15,12,3,9,11,14,4,2,7,10,5])
state([1,0,13,6,8,15,12,3,9,11,14,4,2,7,10,5])
state([1,15,13,6,8,0,12,3,9,11,14,4,2,7,10,5])
state([1,15,13,6,8,11,12,3,9,0,14,4,2,7,10,5])
state([1,15,13,6,8,11,12,3,9,7,14,4,2,0,10,5])
state([1,15,13,6,8,11,12,3,9,7,14,4,0,2,10,5])
state([1,15,13,6,8,11,12,3,0,7,14,4,9,2,10,5])
state([1,15,13,6,0,11,12,3,8,7,14,4,9,2,10,5])
state([0,15,13,6,1,11,12,3,8,7,14,4,9,2,10,5])
state([15,0,13,6,1,11,12,3,8,7,14,4,9,2,10,5])
state([15,11,13,6,1,0,12,3,8,7,14,4,9,2,10,5])
state([15,11,13,6,1,7,12,3,8,0,14,4,9,2,10,5])
state([15,11,13,6,1,7,12,3,8,2,14,4,9,0,10,5])
state([15,11,13,6,1,7,12,3,8,2,14,4,0,9,10,5])
state([15,11,13,6,1,7,12,3,0,2,14,4,8,9,10,5])
state([15,11,13,6,0,7,12,3,1,2,14,4,8,9,10,5])
state([0,11,13,6,15,7,12,3,1,2,14,4,8,9,10,5])
state([11,0,13,6,15,7,12,3,1,2,14,4,8,9,10,5])
state([11,7,13,6,15,0,12,3,1,2,14,4,8,9,10,5])
state([11,7,13,6,15,2,12,3,1,0,14,4,8,9,10,5])
state([11,7,13,6,15,2,12,3,1,9,14,4,8,0,10,5])
state([11,7,13,6,15,2,12,3,1,9,14,4,0,8,10,5])
state([11,7,13,6,15,2,12,3,0,9,14,4,1,8,10,5])
state([11,7,13,6,0,2,12,3,15,9,14,4,1,8,10,5])
state([0,7,13,6,11,2,12,3,15,9,14,4,1,8,10,5])
state([7,0,13,6,11,2,12,3,15,9,14,4,1,8,10,5])
state([7,2,13,6,11,0,12,3,15,9,14,4,1,8,10,5])
state([7,2,13,6,11,9,12,3,15,0,14,4,1,8,10,5])
state([7,2,13,6,11,9,12,3,15,8,14,4,1,0,10,5])
state([7,2,13,6,11,9,12,3,15,8,14,4,0,1,10,5])
state([7,2,13,6,11,9,12,3,0,8,14,4,15,1,10,5])
state([7,2,13,6,0,9,12,3,11,8,14,4,15,1,10,5])
state([0,2,13,6,7,9,12,3,11,8,14,4,15,1,10,5])
state([2,0,13,6,7,9,12,3,11,8,14,4,15,1,10,5])
state([2,9,13,6,7,0,12,3,11,8,14,4,15,1,10,5])
state([2,9,13,6,7,8,12,3,11,0,14,4,15,1,10,5])
state([2,9,13,6,7,8,12,3,11,1,14,4,15,0,10,5])
state([2,9,13,6,7,8,12,3,11,1,14,4,0,15,10,5])
state([2,9,13,6,7,8,12,3,0,1,14,4,11,15,10,5])
state([2,9,13,6,0,8,12,3,7,1,14,4,11,15,10,5])
state([0,9,13,6,2,8,12,3,7,1,14,4,11,15,10,5])
state([9,0,13,6,2,8,12,3,7,1,14,4,11,15,10,5])
state([9,8,13,6,2,0,12,3,7,1,14,4,11,15,10,5])
state([9,8,13,6,2,1,12,3,7,0,14,4,11,15,10,5])
state([9,8,13,6,2,1,12,3,7,15,14,4,11,0,10,5])
state([9,8,13,6,2,1,12,3,7,15,14,4,0,11,10,5])
state([9,8,13,6,2,1,12,3,0,15,14,4,7,11,10,5])
state([9,8,13,6,0,1,12,3,2,15,14,4,7,11,10,5])
state([9,8,13,0,6,1,12,3,2,15,14,4,7,11,10,5])
state([9,8,13,3,6,1,12,0,2,15,14,4,7,11,10,5])
state([9,8,13,3,6,1,12,4,2,15,14,0,7,11,10,5])
state([9,8,13,3,6,1,12,4,2,15,14,5,7,11,10,0])
state([9,8,13,3,6,1,12,4,2,15,14,5,7,11,0,10])
state([9,8,13,3,6,1,12,4,2,15,0,5,7,11,14,10])
state([9,8,13,3,6,1,0,4,2,15,12,5,7,11,14,10])
state([9,8,0,3,6,1,13,4,2,15,12,5,7,11,14,10])
state([9,0,8,3,6,1,13,4,2,15,12,5,7,11,14,10])
state([9,1,8,3,6,0,13,4,2,15,12,5,7,11,14,10])
state([9,1,8,3,6,15,13,4,2,0,12,5,7,11,14,10])
state([9,1,8,3,6,15,13,4,2,11,12,5,7,0,14,10])
state([9,1,8,3,6,15,13,4,2,11,12,5,0,7,14,10])
state([9,1,8,3,6,15,13,4,0,11,12,5,2,7,14,10])
state([9,1,8,3,0,15,13,4,6,11,12,5,2,7,14,10])
state([0,1,8,3,9,15,13,4,6,11,12,5,2,7,14,10])
state([1,0,8,3,9,15,13,4,6,11,12,5,2,7,14,10])
state([1,15,8,3,9,0,13,4,6,11,12,5,2,7,14,10])
state([1,15,8,3,9,11,13,4,6,0,12,5,2,7,14,10])
state([1,15,8,3,9,11,13,4,6,7,12,5,2,0,14,10])
state([1,15,8,3,9,11,13,4,6,7,12,5,0,2,14,10])
state([1,15,8,3,9,11,13,4,0,7,12,5,6,2,14,10])
state([1,15,8,3,0,11,13,4,9,7,12,5,6,2,14,10])
state([0,15,8,3,1,11,13,4,9,7,12,5,6,2,14,10])
state([15,0,8,3,1,11,13,4,9,7,12,5,6,2,14,10])
state([15,11,8,3,1,0,13,4,9,7,12,5,6,2,14,10])
state([15,11,8,3,1,7,13,4,9,0,12,5,6,2,14,10])
state([15,11,8,3,1,7,13,4,9,2,12,5,6,0,14,10])
state([15,11,8,3,1,7,13,4,9,2,12,5,0,6,14,10])
state([15,11,8,3,1,7,13,4,0,2,12,5,9,6,14,10])
state([15,11,8,3,0,7,13,4,1,2,12,5,9,6,14,10])
state([0,11,8,3,15,7,13,4,1,2,12,5,9,6,14,10])
state([11,0,8,3,15,7,13,4,1,2,12,5,9,6,14,10])
state([11,7,8,3,15,0,13,4,1,2,12,5,9,6,14,10])
state([11,7,8,3,15,2,13,4,1,0,12,5,9,6,14,10])
state([11,7,8,3,15,2,13,4,1,6,12,5,9,0,14,10])
state([11,7,8,3,15,2,13,4,1,6,12,5,0,9,14,10])
state([11,7,8,3,15,2,13,4,0,6,12,5,1,9,14,10])
state([11,7,8,3,0,2,13,4,15,6,12,5,1,9,14,10])
state([0,7,8,3,11,2,13,4,15,6,12,5,1,9,14,10])
state([7,0,8,3,11,2,13,4,15,6,12,5,1,9,14,10])
state([7,2,8,3,11,0,13,4,15,6,12,5,1,9,14,10])
state([7,2,8,3,11,6,13,4,15,0,12,5,1,9,14,10])
state([7,2,8,3,11,6,13,4,15,9,12,5,1,0,14,10])
state([7,2,8,3,11,6,13,4,15,9,12,5,0,1,14,10])
state([7,2,8,3,11,6,13,4,0,9,12,5,15,1,14,10])
state([7,2,8,3,0,6,13,4,11,9,12,5,15,1,14,10])
state([0,2,8,3,7,6,13,4,11,9,12,5,15,1,14,10])
state([2,0,8,3,7,6,13,4,11,9,12,5,15,1,14,10])
state([2,6,8,3,7,0,13,4,11,9,12,5,15,1,14,10])
state([2,6,8,3,7,9,13,4,11,0,12,5,15,1,14,10])
state([2,6,8,3,7,9,13,4,11,1,12,5,15,0,14,10])
state([2,6,8,3,7,9,13,4,11,1,12,5,0,15,14,10])
state([2,6,8,3,7,9,13,4,0,1,12,5,11,15,14,10])
state([2,6,8,3,0,9,13,4,7,1,12,5,11,15,14,10])
state([0,6,8,3,2,9,13,4,7,1,12,5,11,15,14,10])
state([6,0,8,3,2,9,13,4,7,1,12,5,11,15,14,10])
state([6,9,8,3,2,0,13,4,7,1,12,5,11,15,14,10])
state([6,9,8,3,2,1,13,4,7,0,12,5,11,15,14,10])
state([6,9,8,3,2,1,13,4,7,15,12,5,11,0,14,10])
state([6,9,8,3,2,1,13,4,7,15,12,5,0,11,14,10])
state([6,9,8,3,2,1,13,4,0,15,12,5,7,11,14,10])
state([6,9,8,3,0,1,13,4,2,15,12,5,7,11,14,10])
state([6,9,8,0,3,1,13,4,2,15,12,5,7,11,14,10])
state([6,9,8,4,3,1,13,0,2,15,12,5,7,11,14,10])
state([6,9,8,4,3,1,13,5,2,15,12,0,7,11,14,10])
state([6,9,8,4,3,1,13,5,2,15,12,10,7,11,14,0])
state([6,9,8,4,3,1,13,5,2,15,12,10,7,11,0,14])
state([6,9,8,4,3,1,13,5,2,15,0,10,7,11,12,14])
state([6,9,8,4,3,1,0,5,2,15,13,10,7,11,12,14])
state([6,9,0,4,3,1,8,5,2,15,13,10,7,11,12,14])
state([6,0,9,4,3,1,8,5,2,15,13,10,7,11,12,14])
state([6,1,9,4,3,0,8,5,2,15,13,10,7,11,12,14])
state([6,1,9,4,3,15,8,5,2,0,13,10,7,11,12,14])
state([6,1,9,4,3,15,8,5,2,11,13,10,7,0,12,14])
state([6,1,9,4,3,15,8,5,2,11,13,10,0,7,12,14])
state([6,1,9,4,3,15,8,5,0,11,13,10,2,7,12,14])
state([6,1,9,4,0,15,8,5,3,11,13,10,2,7,12,14])
state([0,1,9,4,6,15,8,5,3,11,13,10,2,7,12,14])
state([1,0,9,4,6,15,8,5,3,11,13,10,2,7,12,14])
state([1,15,9,4,6,0,8,5,3,11,13,10,2,7,12,14])
state([1,15,9,4,6,11,8,5,3,0,13,10,2,7,12,14])
state([1,15,9,4,6,11,8,5,3,7,13,10,2,0,12,14])
state([1,15,9,4,6,11,8,5,3,7,13,10,0,2,12,14])
state([1,15,9,4,6,11,8,5,0,7,13,10,3,2,12,14])
state([1,15,9,4,0,11,8,5,6,7,13,10,3,2,12,14])
state([0,15,9,4,1,11,8,5,6,7,13,10,3,2,12,14])
state([15,0,9,4,1,11,8,5,6,7,13,10,3,2,12,14])
state([15,11,9,4,1,0,8,5,6,7,13,10,3,2,12,14])
state([15,11,9,4,1,7,8,5,6,0,13,10,3,2,12,14])
state([15,11,9,4,1,7,8,5,6,2,13,10,3,0,12,14])
state([15,11,9,4,1,7,8,5,6,2,13,10,0,3,12,14])
state([15,11,9,4,1,7,8,5,0,2,13,10,6,3,12,14])
state([15,11,9,4,0,7,8,5,1,2,13,10,6,3,12,14])
state([0,11,9,4,15,7,8,5,1,2,13,10,6,3,12,14])
state([11,0,9,4,15,7,8,5,1,2,13,10,6,3,12,14])
state([11,7,9,4,15,0,8,5,1,2,13,10,6,3,12,14])
state([11,7,9,4,15,2,8,5,1,0,13,10,6,3,12,14])
state([11,7,9,4,15,2,8,5,1,3,13,10,6,0,12,14])
state([11,7,9,4,15,2,8,5,1,3,13,10,0,6,12,14])
state([11,7,9,4,15,2,8,5,0,3,13,10,1,6,12,14])
state([11,7,9,4,0,2,8,5,15,3,13,10,1,6,12,14])
state([0,7,9,4,11,2,8,5,15,3,13,10,1,6,12,14])
state([7,0,9,4,11,2,8,5,15,3,13,10,1,6,12,14])
state([7,2,9,4,11,0,8,5,15,3,13,10,1,6,12,14])
state([7,2,9,4,11,3,8,5,15,0,13,10,1,6,12,14])
state([7,2,9,4,11,3,8,5,15,6,13,10,1,0,12,14])
state([7,2,9,4,11,3,8,5,15,6,13,10,0,1,12,14])
state([7,2,9,4,11,3,8,5,0,6,13,10,15,1,12,14])
state([7,2,9,4,0,3,8,5,11,6,13,10,15,1,12,14])
state([0,2,9,4,7,3,8,5,11,6,13,10,15,1,12,14])
state([2,0,9,4,7,3,8,5,11,6,13,10,15,1,12,14])
state([2,3,9,4,7,0,8,5,11,6,13,10,15,1,12,14])
state([2,3,9,4,7,6,8,5,11,0,13,10,15,1,12,14])
state([2,3,9,4,7,6,8,5,11,1,13,10,15,0,12,14])
state([2,3,9,4,7,6,8,5,11,1,13,10,0,15,12,14])
state([2,3,9,4,7,6,8,5,0,1,13,10,11,15,12,14])
state([2,3,9,4,0,6,8,5,7,1,13,10,11,15,12,14])
state([0,3,9,4,2,6,8,5,7,1,13,10,11,15,12,14])
state([3,0,9,4,2,6,8,5,7,1,13,10,11,15,12,14])
state([3,6,9,4,2,0,8,5,7,1,13,10,11,15,12,14])
state([3,6,9,4,2,1,8,5,7,0,13,10,11,15,12,14])
state([3,6,9,4,2,1,8,5,7,15,13,10,11,0,12,14])
state([3,6,9,4,2,1,8,5,7,15,13,10,0,11,12,14])
state([3,6,9,4,2,1,8,5,0,15,13,10,7,11,12,14])
state([3,6,9,4,0,1,8,5,2,15,13,10,7,11,12,14])
state([3,6,9,0,4,1,8,5,2,15,13,10,7,11,12,14])
state([3,6,9,5,4,1,8,0,2,15,13,10,7,11,12,14])
state([3,6,9,5,4,1,8,10,2,15,13,0,7,11,12,14])
state([3,6,9,5,4,1,8,10,2,15,13,14,7,11,12,0])
state([3,6,9,5,4,1,8,10,2,15,13,14,7,11,0,12])
state([3,6,9,5,4,1,8,10,2,15,0,14,7,11,13,12])
state([3,6,9,5,4,1,0,10,2,15,8,14,7,11,13,12])
state([3,6,0,5,4,1,9,10,2,15,8,14,7,11,13,12])
state([3,0,6,5,4,1,9,10,2,15,8,14,7,11,13,12])
state([3,1,6,5,4,0,9,10,2,15,8,14,7,11,13,12])
state([3,1,6,5,4,15,9,10,2,0,8,14,7,11,13,12])
state([3,1,6,5,4,15,9,10,2,11,8,14,7,0,13,12])
state([3,1,6,5,4,15,9,10,2,11,8,14,0,7,13,12])
state([3,1,6,5,4,15,9,10,0,11,8,14,2,7,13,12])
state([3,1,6,5,0,15,9,10,4,11,8,14,2,7,13,12])
state([0,1,6,5,3,15,9,10,4,11,8,14,2,7,13,12])
state([1,0,6,5,3,15,9,10,4,11,8,14,2,7,13,12])
state([1,15,6,5,3,0,9,10,4,11,8,14,2,7,13,12])
state([1,15,6,5,3,11,9,10,4,0,8,14,2,7,13,12])
state([1,15,6,5,3,11,9,10,4,7,8,14,2,0,13,12])
state([1,15,6,5,3,11,9,10,4,7,8,14,0,2,13,12])
state([1,15,6,5,3,11,9,10,0,7,8,14,4,2,13,12])
state([1,15,6,5,0,11,9,10,3,7,8,14,4,2,13,12])
state([0,15,6,5,1,11,9,10,3,7,8,14,4,2,13,12])
state([15,0,6,5,1,11,9,10,3,7,8,14,4,2,13,12])
state([15,11,6,5,1,0,9,10,3,7,8,14,4,2,13,12])
state([15,11,6,5,1,7,9,10,3,0,8,14,4,2,13,12])
state([15,11,6,5,1,7,9,10,3,2,8,14,4,0,13,12])
state([15,11,6,5,1,7,9,10,3,2,8,14,0,4,13,12])
state([15,11,6,5,1,7,9,10,0,2,8,14,3,4,13,12])
state([15,11,6,5,0,7,9,10,1,2,8,14,3,4,13,12])
state([0,11,6,5,15,7,9,10,1,2,8,14,3,4,13,12])
state([11,0,6,5,15,7,9,10,1,2,8,14,3,4,13,12])
state([11,7,6,5,15,0,9,10,1,2,8,14,3,4,13,12])
state([11,7,6,5,15,2,9,10,1,0,8,14,3,4,13,12])
state([11,7,6,5,15,2,9,10,1,4,8,14,3,0,13,12])
state([11,7,6,5,15,2,9,10,1,4,8,14,0,3,13,12])
state([11,7,6,5,15,2,9,10,0,4,8,14,1,3,13,12])
state([11,7,6,5,0,2,9,10,15,4,8,14,1,3,13,12])
state([0,7,6,5,11,2,9,10,15,4,8,14,1,3,13,12])
state([7,0,6,5,11,2,9,10,15,4,8,14,1,3,13,12])
state([7,2,6,5,11,0,9,10,15,4,8,14,1,3,13,12])
state([7,2,6,5,11,4,9,10,15,0,8,14,1,3,13,12])
state([7,2,6,5,11,4,9,10,15,3,8,14,1,0,13,12])
state([7,2,6,5,11,4,9,10,15,3,8,14,0,1,13,12])
state([7,2,6,5,11,4,9,10,0,3,8,14,15,1,13,12])
state([7,2,6,5,0,4,9,10,11,3,8,14,15,1,13,12])
state([0,2,6,5,7,4,9,10,11,3,8,14,15,1,13,12])
state([2,0,6,5,7,4,9,10,11,3,8,14,15,1,13,12])
state([2,4,6,5,7,0,9,10,11,3,8,14,15,1,13,12])
state([2,4,6,5,7,3,9,10,11,0,8,14,15,1,13,12])
state([2,4,6,5,7,3,9,10,11,1,8,14,15,0,13,12])
state([2,4,6,5,7,3,9,10,11,1,8,14,0,15,13,12])
state([2,4,6,5,7,3,9,10,0,1,8,14,11,15,13,12])
state([2,4,6,5,0,3,9,10,7,1,8,14,11,15,13,12])
state([0,4,6,5,2,3,9,10,7,1,8,14,11,15,13,12])
state([4,0,6,5,2,3,9,10,7,1,8,14,11,15,13,12])
state([4,3,6,5,2,0,9,10,7,1,8,14,11,15,13,12])
state([4,3,6,5,2,1,9,10,7,0,8,14,11,15,13,12])
state([4,3,6,5,2,1,9,10,7,15,8,14,11,0,13,12])
state([4,3,6,5,2,1,9,10,7,15,8,14,0,11,13,12])
state([4,3,6,5,2,1,9,10,0,15,8,14,7,11,13,12])
state([4,3,6,5,0,1,9,10,2,15,8,14,7,11,13,12])
state([4,3,6,0,5,1,9,10,2,15,8,14,7,11,13,12])
state([4,3,6,10,5,1,9,0,2,15,8,14,7,11,13,12])
state([4,3,6,10,5,1,9,14,2,15,8,0,7,11,13,12])
state([4,3,6,10,5,1,9,14,2,15,8,12,7,11,13,0])
state([4,3,6,10,5,1,9,14,2,15,8,12,7,11,0,13])
state([4,3,6,10,5,1,9,14,2,15,0,12,7,11,8,13])
state([4,3,6,10,5,1,0,14,2,15,9,12,7,11,8,13])
state([4,3,0,10,5,1,6,14,2,15,9,12,7,11,8,13])
state([4,0,3,10,5,1,6,14,2,15,9,12,7,11,8,13])
state([4,1,3,10,5,0,6,14,2,15,9,12,7,11,8,13])
state([4,1,3,10,5,15,6,14,2,0,9,12,7,11,8,13])
state([4,1,3,10,5,15,6,14,2,11,9,12,7,0,8,13])
state([4,1,3,10,5,15,6,14,2,11,9,12,0,7,8,13])
state([4,1,3,10,5,15,6,14,0,11,9,12,2,7,8,13])
state([4,1,3,10,0,15,6,14,5,11,9,12,2,7,8,13])
state([0,1,3,10,4,15,6,14,5,11,9,12,2,7,8,13])
state([1,0,3,10,4,15,6,14,5,11,9,12,2,7,8,13])
state([1,15,3,10,4,0,6,14,5,11,9,12,2,7,8,13])
state([1,15,3,10,4,11,6,14,5,0,9,12,2,7,8,13])
state([1,15,3,10,4,11,6,14,5,7,9,12,2,0,8,13])
state([1,15,3,10,4,11,6,14,5,7,9,12,0,2,8,13])
state([1,15,3,10,4,11,6,14,0,7,9,12,5,2,8,13])
state([1,15,3,10,0,11,6,14,4,7,9,12,5,2,8,13])
state([0,15,3,10,1,11,6,14,4,7,9,12,5,2,8,13])
state([15,0,3,10,1,11,6,14,4,7,9,12,5,2,8,13])
state([15,11,3,10,1,0,6,14,4,7,9,12,5,2,8,13])
state([15,11,3,10,1,7,6,14,4,0,9,12,5,2,8,13])
state([15,11,3,10,1,7,6,14,4,2,9,12,5,0,8,13])
state([15,11,3,10,1,7,6,14,4,2,9,12,0,5,8,13])
state([15,11,3,10,1,7,6,14,0,2,9,12,4,5,8,13])
state([15,11,3,10,0,7,6,14,1,2,9,12,4,5,8,13])
state([0,11,3,10,15,7,6,14,1,2,9,12,4,5,8,13])
state([11,0,3,10,15,7,6,14,1,2,9,12,4,5,8,13])
state([11,7,3,10,15,0,6,14,1,2,9,12,4,5,8,13])
state([11,7,3,10,15,2,6,14,1,0,9,12,4,5,8,13])
state([11,7,3,10,15,2,6,14,1,5,9,12,4,0,8,13])
state([11,7,3,10,15,2,6,14,1,5,9,12,0,4,8,13])
state([11,7,3,10,15,2,6,14,0,5,9,12,1,4,8,13])
state([11,7,3,10,0,2,6,14,15,5,9,12,1,4,8,13])
state([0,7,3,10,11,2,6,14,15,5,9,12,1,4,8,13])
state([7,0,3,10,11,2,6,14,15,5,9,12,1,4,8,13])
state([7,2,3,10,11,0,6,14,15,5,9,12,1,4,8,13])
state([7,2,3,10,11,5,6,14,15,0,9,12,1,4,8,13])
state([7,2,3,10,11,5,6,14,15,4,9,12,1,0,8,13])
state([7,2,3,10,11,5,6,14,15,4,9,12,0,1,8,13])
state([7,2,3,10,11,5,6,14,0,4,9,12,15,1,8,13])
state([7,2,3,10,0,5,6,14,11,4,9,12,15,1,8,13])
state([0,2,3,10,7,5,6,14,11,4,9,12,15,1,8,13])
state([2,0,3,10,7,5,6,14,11,4,9,12,15,1,8,13])
state([2,5,3,10,7,0,6,14,11,4,9,12,15,1,8,13])
state([2,5,3,10,7,4,6,14,11,0,9,12,15,1,8,13])
state([2,5,3,10,7,4,6,14,11,1,9,12,15,0,8,13])
state([2,5,3,10,7,4,6,14,11,1,9,12,0,15,8,13])
state([2,5,3,10,7,4,6,14,0,1,9,12,11,15,8,13])
state([2,5,3,10,0,4,6,14,7,1,9,12,11,15,8,13])
state([0,5,3,10,2,4,6,14,7,1,9,12,11,15,8,13])
state([5,0,3,10,2,4,6,14,7,1,9,12,11,15,8,13])
state([5,4,3,10,2,0,6,14,7,1,9,12,11,15,8,13])
state([5,4,3,10,2,1,6,14,7,0,9,12,11,15,8,13])
state([5,4,3,10,2,1,6,14,7,15,9,12,11,0,8,13])
state([5,4,3,10,2,1,6,14,7,15,9,12,0,11,8,13])
state([5,4,3,10,2,1,6,14,0,15,9,12,7,11,8,13])
state([5,4,3,10,0,1,6,14,2,15,9,12,7,11,8,13])
state([5,4,3,0,10,1,6,14,2,15,9,12,7,11,8,13])
state([5,4,3,14,10,1,6,0,2,15,9,12,7,11,8,13])
state([5,4,3,14,10,1,6,12,2,15,9,0,7,11,8,13])
state([5,4,3,14,10,1,6,12,2,15,9,13,7,11,8,0])
state([5,4,3,14,10,1,6,12,2,15,9,13,7,11,0,8])
state([5,4,3,14,10,1,6,12,2,15,0,13,7,11,9,8])
state([5,4,3,14,10,1,0,12,2,15,6,13,7,11,9,8])
state([5,4,0,14,10,1,3,12,2,15,6,13,7,11,9,8])
true.

?- 
